MikuNet_shortcut,32,1152,001E931C,0,1,1,4294967295,0,0
MikuNet_shortcut,64,1152,00320D1F,0,1,1,4294967295,0,0
MikuNet_shortcut,64,1184,0031F17E,0,1,1,4294967295,0,0
MikuNet_shortcut,32,1184,0036CCA1,0,1,1,4294967295,0,0
MikuNet_shortcut,32,1120,000F2D50,0,1,1,4294967295,0,0
MikuNet_shortcut,64,1120,00176C36,0,1,1,4294967295,0,0
MikuNet_shortcut,32,1088,000D9C88,0,1,1,4294967295,0,0
MikuNet_shortcut,64,1088,00203744,0,1,1,4294967295,0,0
MikuNet_shortcut,32,1056,0024F2F1,0,1,1,4294967295,0,0
MikuNet_shortcut,64,1056,00093244,0,1,1,4294967295,0,0
MikuNet_shortcut,0,1056,0024D3DF,0,1,1,4294967295,0,0
MikuNet_shortcut,0,1088,0037033E,0,1,1,4294967295,0,0
MikuNet_shortcut,0,1120,00091D24,0,1,1,4294967295,0,0
MikuNet_shortcut,0,1152,000C92AB,0,1,1,4294967295,0,0
MikuNet_shortcut,0,1184,000ADE38,0,1,1,4294967295,0,0
MikuNet_shortcut,96,1056,002EE739,0,1,1,4294967295,0,0
MikuNet_shortcut,96,1088,0006B655,0,1,1,4294967295,0,0
MikuNet_shortcut,96,1120,002791C9,0,1,1,4294967295,0,0
MikuNet_shortcut,96,1152,0020376E,0,1,1,4294967295,0,0
MikuNet_shortcut,96,1184,0022DE9D,0,1,1,4294967295,0,0
MikuNet_shortcut,0,1024,0038EB5C,0,1,1,4294967295,0,0
MikuNet_shortcut,32,1024,0038FF51,0,1,1,4294967295,0,0
MikuNet_shortcut,64,1024,0025BCAB,0,1,1,4294967295,0,0
MikuNet_shortcut,96,1024,00085B83,0,1,1,4294967295,0,0
Noobfield_BlueDye,480,32,0009860F,0,1,1,4294967295,0,0
Noobfield_BlueDye,448,32,001FD93A,0,1,1,4294967295,0,0
Noobfield_BlueDye,480,0,001DBA63,0,1,1,4294967295,0,0
Noobfield_BlueDye,512,32,001C1F1B,0,1,1,4294967295,0,0
Noobfield_BlueDye,480,64,000CDB06,0,1,1,4294967295,0,0
Noobfield_BlueDye,448,64,00290D27,0,1,1,4294967295,0,0
Noobfield_BlueDye,512,64,000A05D4,0,1,1,4294967295,0,0
Noobfield_BlueDye,448,0,00255605,0,1,1,4294967295,0,0
Noobfield_BlueDye,512,0,000F48A6,0,1,1,4294967295,0,0
Noobfield_BlueDye,384,96,0008AA4D,0,1,1,4294967295,0,0
Noobfield_BlueDye,416,96,002BF762,0,1,1,4294967295,0,0
Noobfield_BlueDye,448,96,0000B270,0,1,1,4294967295,0,0
Noobfield_BlueDye,480,96,0006BF84,0,1,1,4294967295,0,0
Labs_Button,0,0,0039D0F4,0,1,1,4294967295,0,0
Labs_Button,32,0,00378915,0,1,1,4294967295,0,0
Labs_Button,64,0,00311C79,0,1,1,4294967295,0,0
Labs_Button,96,0,001F1B22,0,1,1,4294967295,0,0
Labs_Button,128,0,00261A68,0,1,1,4294967295,0,0
Labs_Button,160,0,003FB138,0,1,1,4294967295,0,0
Labs_Button,192,0,00023CB1,0,1,1,4294967295,0,0
Labs_Button,224,0,002C9F25,0,1,1,4294967295,0,0
Labs_Button,256,0,00134688,0,1,1,4294967295,0,0
Labs_Button,288,0,002B6A55,0,1,1,4294967295,0,0
Labs_Button,320,0,0023930E,0,1,1,4294967295,0,0
Labs_Button,320,32,00216549,0,1,1,4294967295,0,0
Labs_Button,320,64,0016A743,0,1,1,4294967295,0,0
Labs_Button,288,64,00191511,0,1,1,4294967295,0,0
Labs_Button,288,32,00206330,0,1,1,4294967295,0,0
Labs_Button,256,32,002F3E25,0,1,1,4294967295,0,0
Labs_Button,224,32,0029DEB6,0,1,1,4294967295,0,0
Labs_Button,192,32,0021771E,0,1,1,4294967295,0,0
Labs_Button,160,32,003E18E1,0,1,1,4294967295,0,0
Labs_Button,128,32,00106FD3,0,1,1,4294967295,0,0
Labs_Button,96,32,00066D89,0,1,1,4294967295,0,0
Labs_Button,64,32,003E31C5,0,1,1,4294967295,0,0
Labs_Button,32,32,00078764,0,1,1,4294967295,0,0
Labs_Button,0,32,00052B95,0,1,1,4294967295,0,0
Labs_Button,0,64,00006DDF,0,1,1,4294967295,0,0
Labs_Button,32,64,00267D8F,0,1,1,4294967295,0,0
Labs_Button,64,64,002B6E19,0,1,1,4294967295,0,0
Labs_Button,96,64,001CED29,0,1,1,4294967295,0,0
Labs_Button,128,64,00246E1E,0,1,1,4294967295,0,0
Labs_Button,160,64,0006295A,0,1,1,4294967295,0,0
Labs_Button,192,64,0014C8E0,0,1,1,4294967295,0,0
Labs_Button,224,64,00397924,0,1,1,4294967295,0,0
Labs_Button,256,64,0032523F,0,1,1,4294967295,0,0
Labs_Button,352,32,003FD87A,0,1,1,4294967295,0,0
Labs_Button,352,0,0005B817,0,1,1,4294967295,0,0
Labs_Button,352,64,00059D9D,0,1,1,4294967295,0,0
Labs_Button,384,32,001BD7E1,0,1,1,4294967295,0,0
BuyNOW,384,864,003D8341,0,1,1,4294967295,0,0
BuyNOW,416,864,003BAA6F,0,1,1,4294967295,0,0
BuyNOW,448,864,002C27FB,0,1,1,4294967295,0,0
BuyNOW,480,864,003CDC10,0,1,1,4294967295,0,0
BuyNOW,512,864,00268282,0,1,1,4294967295,0,0
BuyNOW,544,864,003F478E,0,1,1,4294967295,0,0
BuyNOW,576,864,0024DC0B,0,1,1,4294967295,0,0
BuyNOW,608,864,00130411,0,1,1,4294967295,0,0
BuyNOW,640,864,00182430,0,1,1,4294967295,0,0
BuyNOW,672,864,0010FE40,0,1,1,4294967295,0,0
BuyNOW,704,864,000ABB76,0,1,1,4294967295,0,0
BuyNOW,736,864,0010ED6E,0,1,1,4294967295,0,0
BuyNOW,736,896,00175E66,0,1,1,4294967295,0,0
BuyNOW,704,896,002DD8D6,0,1,1,4294967295,0,0
BuyNOW,672,896,002F97D5,0,1,1,4294967295,0,0
BuyNOW,640,896,002CC8FD,0,1,1,4294967295,0,0
BuyNOW,608,896,003E14E6,0,1,1,4294967295,0,0
BuyNOW,576,896,003B60DB,0,1,1,4294967295,0,0
BuyNOW,544,896,0039F185,0,1,1,4294967295,0,0
BuyNOW,512,896,0026F09B,0,1,1,4294967295,0,0
BuyNOW,480,896,0035E78F,0,1,1,4294967295,0,0
BuyNOW,448,896,003DE821,0,1,1,4294967295,0,0
BuyNOW,416,896,002AC69B,0,1,1,4294967295,0,0
BuyNOW,384,896,000DD144,0,1,1,4294967295,0,0
BuyNOW,384,928,0025EE7E,0,1,1,4294967295,0,0
BuyNOW,416,928,00036165,0,1,1,4294967295,0,0
BuyNOW,448,928,0032DE48,0,1,1,4294967295,0,0
BuyNOW,480,928,0015249F,0,1,1,4294967295,0,0
BuyNOW,512,928,0002F90B,0,1,1,4294967295,0,0
BuyNOW,544,928,00056B67,0,1,1,4294967295,0,0
BuyNOW,576,928,00136214,0,1,1,4294967295,0,0
BuyNOW,608,928,0027ED4A,0,1,1,4294967295,0,0
BuyNOW,640,928,00086791,0,1,1,4294967295,0,0
BuyNOW,672,928,000D6BF2,0,1,1,4294967295,0,0
BuyNOW,704,928,00170EC3,0,1,1,4294967295,0,0
BuyNOW,736,928,002D4A9F,0,1,1,4294967295,0,0
Camera_Cursor,768,0,002A3015,0,1,1,4294967295,0,0
