player_RE1,640,448,000C1E9E,0,1,1,4294967295,0,0
colizao,416,512,0028DA97,0,1,1,4294967295,0,0
colizao,448,480,001A3E17,0,1,1,4294967295,0,0
colizao,448,448,003AD232,0,1,1,4294967295,0,0
colizao,480,416,002C851B,0,1,1,4294967295,0,0
colizao,480,384,000B96B4,0,1,1,4294967295,0,0
colizao,480,352,00326DBC,0,1,1,4294967295,0,0
colizao,448,320,002DB384,0,1,1,4294967295,0,0
colizao,416,320,00204241,0,1,1,4294967295,0,0
colizao,384,320,002A6666,0,1,1,4294967295,0,0
colizao,352,320,00315359,0,1,1,4294967295,0,0
colizao,320,320,002A76FE,0,1,1,4294967295,0,0
colizao,288,352,003D0E16,0,1,1,4294967295,0,0
colizao,256,384,0000ABF3,0,1,1,4294967295,0,0
colizao,224,416,0008DA12,0,1,1,4294967295,0,0
colizao,192,416,0039E8A1,0,1,1,4294967295,0,0
colizao,160,448,00289AE6,0,1,1,4294967295,0,0
colizao,192,480,0020F9CC,0,1,1,4294967295,0,0
colizao,192,512,002490C2,0,1,1,4294967295,0,0
colizao,224,512,003A717B,0,1,1,4294967295,0,0
colizao,256,512,000F6EE6,0,1,1,4294967295,0,0
colizao,288,512,003A5871,0,1,1,4294967295,0,0
colizao,320,512,0039BE09,0,1,1,4294967295,0,0
colizao,352,512,001353C7,0,1,1,4294967295,0,0
colizao,384,512,002F703E,0,1,1,4294967295,0,0
colizao,224,224,000CA1F1,0,1,1,4294967295,0,0
colizao,224,160,0034E02F,0,1,1,4294967295,0,0
colizao,224,192,002F86F3,0,1,1,4294967295,0,0
colizao,256,160,00069A9C,0,1,1,4294967295,0,0
colizao,288,160,00135B78,0,1,1,4294967295,0,0
colizao,320,160,00383275,0,1,1,4294967295,0,0
colizao,352,160,0010C39E,0,1,1,4294967295,0,0
colizao,256,224,000815AD,0,1,1,4294967295,0,0
colizao,288,224,0040354D,0,1,1,4294967295,0,0
colizao,320,224,0032CF2D,0,1,1,4294967295,0,0
colizao,352,224,00238080,0,1,1,4294967295,0,0
colizao,352,192,00002891,0,1,1,4294967295,0,0
colizao,416,192,00340558,0,1,1,4294967295,0,0
colizao,384,192,0028A6F1,0,1,1,4294967295,0,0
colizao,416,160,003F89D7,0,1,1,4294967295,0,0
colizao,384,160,002CC1B8,0,1,1,4294967295,0,0
colizao,416,160,00305F96,0,1,1,4294967295,0,0
colizao,448,160,00111261,0,1,1,4294967295,0,0
colizao,512,160,001E1817,0,1,1,4294967295,0,0
colizao,480,160,00140A31,0,1,1,4294967295,0,0
colizao,544,160,0009C431,0,1,1,4294967295,0,0
colizao,576,160,0003CB4C,0,1,1,4294967295,0,0
colizao,608,160,0016855E,0,1,1,4294967295,0,0
colizao,640,160,003DC0DD,0,1,1,4294967295,0,0
colizao,640,192,0039FC75,0,1,1,4294967295,0,0
colizao,640,224,003AC5B8,0,1,1,4294967295,0,0
colizao,384,224,000243AE,0,1,1,4294967295,0,0
colizao,608,224,003702AB,0,1,1,4294967295,0,0
colizao,576,224,00383D1D,0,1,1,4294967295,0,0
colizao,544,192,003F2B96,0,1,1,4294967295,0,0
colizao,512,192,003F8063,0,1,1,4294967295,0,0
colizao,480,192,00279D9E,0,1,1,4294967295,0,0
colizao,448,192,0018C0D6,0,1,1,4294967295,0,0
colizao,192,224,002BBB3F,0,1,1,4294967295,0,0
colizao,160,256,00102624,0,1,1,4294967295,0,0
colizao,128,288,000146F6,0,1,1,4294967295,0,0
colizao,96,288,003905CD,0,1,1,4294967295,0,0
colizao,64,320,00374B73,0,1,1,4294967295,0,0
colizao,32,320,002FE230,0,1,1,4294967295,0,0
colizao,0,320,002C0A79,0,1,1,4294967295,0,0
foto_da_fornatura,608,192,0014EB63,0,1,1,4294967295,0,0
foto_da_fornatura,640,192,00102ABE,0,1,1,4294967295,0,0
colizao,448,608,0039B022,0,1,1,4294967295,0,0
colizao,512,608,001AF447,0,1,1,4294967295,0,0
colizao,480,608,00341367,0,1,1,4294967295,0,0
colizao,544,608,0021B18F,0,1,1,4294967295,0,0
colizao,576,608,001A39FD,0,1,1,4294967295,0,0
colizao,640,608,000DD568,0,1,1,4294967295,0,0
colizao,608,608,0022AA07,0,1,1,4294967295,0,0
colizao,672,608,0025E09A,0,1,1,4294967295,0,0
colizao,704,608,000BE6C6,0,1,1,4294967295,0,0
colizao,736,608,00087B89,0,1,1,4294967295,0,0
colizao,768,608,0009076C,0,1,1,4294967295,0,0
colizao,800,608,003FE2F1,0,1,1,4294967295,0,0
colizao,800,576,0030CBB2,0,1,1,4294967295,0,0
colizao,800,544,0022F984,0,1,1,4294967295,0,0
colizao,800,512,0036D86B,0,1,1,4294967295,0,0
colizao,800,480,0021712E,0,1,1,4294967295,0,0
colizao,800,416,002DEECF,0,1,1,4294967295,0,0
colizao,800,448,001FB02D,0,1,1,4294967295,0,0
colizao,800,384,000E64ED,0,1,1,4294967295,0,0
colizao,800,352,001662DC,0,1,1,4294967295,0,0
colizao,800,320,003C7AB1,0,1,1,4294967295,0,0
colizao,800,256,00080C27,0,1,1,4294967295,0,0
colizao,800,288,000F21AF,0,1,1,4294967295,0,0
colizao,800,224,00191EC4,0,1,1,4294967295,0,0
colizao,800,160,002FFAE6,0,1,1,4294967295,0,0
colizao,800,192,001D13A5,0,1,1,4294967295,0,0
colizao,768,160,0002C290,0,1,1,4294967295,0,0
colizao,736,160,002A83F6,0,1,1,4294967295,0,0
colizao,704,160,0008A21B,0,1,1,4294967295,0,0
colizao,672,160,003AE6E3,0,1,1,4294967295,0,0
colizao,0,352,002F7B14,0,1,1,4294967295,0,0
colizao,0,384,00325D9A,0,1,1,4294967295,0,0
colizao,0,416,0032839A,0,1,1,4294967295,0,0
colizao,0,448,001FCE67,0,1,1,4294967295,0,0
colizao,0,480,00347447,0,1,1,4294967295,0,0
colizao,0,512,00000AAB,0,1,1,4294967295,0,0
colizao,0,544,00234B30,0,1,1,4294967295,0,0
colizao,0,576,00154684,0,1,1,4294967295,0,0
colizao,32,608,00107CB0,0,1,1,4294967295,0,0
colizao,64,608,001314AD,0,1,1,4294967295,0,0
colizao,96,608,001EC8E2,0,1,1,4294967295,0,0
colizao,128,608,0007DB77,0,1,1,4294967295,0,0
colizao,160,608,001A5ABF,0,1,1,4294967295,0,0
colizao,192,608,001F4F02,0,1,1,4294967295,0,0
colizao,224,608,002EAD31,0,1,1,4294967295,0,0
colizao,256,608,00305512,0,1,1,4294967295,0,0
colizao,288,608,0005DFFA,0,1,1,4294967295,0,0
colizao,320,608,0018D8D2,0,1,1,4294967295,0,0
colizao,352,608,0034D07E,0,1,1,4294967295,0,0
colizao,384,608,0039C2AA,0,1,1,4294967295,0,0
colizao,416,608,00244945,0,1,1,4294967295,0,0
foto_da_nova_familia,448,128,001AE7ED,0,1,1,4294967295,0,0
foto_da_nova_familia,480,128,0009D839,0,1,1,4294967295,0,0
foto_da_nova_familia,512,128,00270A19,0,1,1,4294967295,0,0
foto_da_nova_familia,544,128,001594A9,0,1,1,4294967295,0,0
foto_da_nova_familia,512,96,00115F6B,0,1,1,4294967295,0,0
foto_da_nova_familia,544,96,002BCC94,0,1,1,4294967295,0,0
foto_da_nova_familia,480,96,0003AE64,0,1,1,4294967295,0,0
foto_da_nova_familia,448,96,003BBA53,0,1,1,4294967295,0,0
foto_da_antiga_familia,416,192,001D46BA,0,1,1,4294967295,0,0
foto_da_antiga_familia,384,192,000C57C4,0,1,1,4294967295,0,0
foto_da_antiga_engage,544,192,00009EDE,0,1,1,4294967295,0,0
foto_da_antiga_engage,512,192,00042E90,0,1,1,4294967295,0,0
trocar_room,768,224,00397AC5,0,1,1,4294967295,0,0
