Mark_OBJ,480,384,003C9E90,0,1,1,4294967295,0,0
colizao,448,224,00314F21,0,1,1,4294967295,0,0
colizao,480,256,0039B1E4,0,1,1,4294967295,0,0
colizao,512,288,000D08A6,0,1,1,4294967295,0,0
colizao,544,320,00103AA2,0,1,1,4294967295,0,0
colizao,96,288,002AB645,0,1,1,4294967295,0,0
colizao,128,256,0021442C,0,1,1,4294967295,0,0
colizao,160,224,003865DF,0,1,1,4294967295,0,0
colizao,192,224,0002EA42,0,1,1,4294967295,0,0
colizao,224,224,001D66A5,0,1,1,4294967295,0,0
colizao,256,224,001180FD,0,1,1,4294967295,0,0
colizao,288,224,0035F69C,0,1,1,4294967295,0,0
colizao,320,224,003F3838,0,1,1,4294967295,0,0
colizao,352,224,002E2DFF,0,1,1,4294967295,0,0
colizao,384,224,0005E6CF,0,1,1,4294967295,0,0
colizao,416,224,0034FD0F,0,1,1,4294967295,0,0
colizao,0,352,003B3A1C,0,1,1,4294967295,0,0
colizao,0,384,00174789,0,1,1,4294967295,0,0
colizao,0,416,0020D507,0,1,1,4294967295,0,0
colizao,0,448,00041B73,0,1,1,4294967295,0,0
colizao,32,416,00240CB5,0,1,1,4294967295,0,0
colizao,32,384,0016E8F6,0,1,1,4294967295,0,0
colizao,512,64,001A792A,0,1,1,4294967295,0,0
colizao,480,64,003C6CA3,0,1,1,4294967295,0,0
colizao,480,32,0019F081,0,1,1,4294967295,0,0
colizao,448,32,003B4CC7,0,1,1,4294967295,0,0
colizao,416,32,000DD283,0,1,1,4294967295,0,0
colizao,416,64,0037D94F,0,1,1,4294967295,0,0
colizao,384,64,00375898,0,1,1,4294967295,0,0
colizao,384,64,00218CA3,0,1,1,4294967295,0,0
colizao,352,64,0040220E,0,1,1,4294967295,0,0
colizao,320,64,0035E709,0,1,1,4294967295,0,0
colizao,288,64,00288D43,0,1,1,4294967295,0,0
colizao,256,64,000B49FE,0,1,1,4294967295,0,0
colizao,224,64,0011FB4D,0,1,1,4294967295,0,0
colizao,192,64,00118304,0,1,1,4294967295,0,0
colizao,384,192,002CF1E9,0,1,1,4294967295,0,0
colizao,352,192,003ABA43,0,1,1,4294967295,0,0
colizao,320,192,001D6FF3,0,1,1,4294967295,0,0
colizao,288,192,0008EC07,0,1,1,4294967295,0,0
colizao,256,192,00252E5E,0,1,1,4294967295,0,0
colizao,224,192,0019C7F4,0,1,1,4294967295,0,0
player,416,128,00080080,0,1,1,4294967295,0,0
TP_NEON_CASTELIA_CITY,448,64,001EDC46,0,1,1,4294967295,0,0
Armario_OBJ,192,288,00291D12,0,1,1,4294967295,0,0
TP_EVA_Emblem_Hangar,288,96,000272A1,0,1,1,4294967295,0,0
TP_EVA_Emblem_Hangar,320,96,00306A9E,0,1,1,4294967295,0,0
colizao,160,64,00324EE9,0,1,1,4294967295,0,0
colizao,128,96,0029B92D,0,1,1,4294967295,0,0
colizao,96,96,0005241C,0,1,1,4294967295,0,0
colizao,64,128,001F6AD8,0,1,1,4294967295,0,0
colizao,32,128,00373A50,0,1,1,4294967295,0,0
colizao,0,128,0037D466,0,1,1,4294967295,0,0
colizao,576,96,0024F6AE,0,1,1,4294967295,0,0
colizao,608,96,000170DD,0,1,1,4294967295,0,0
colizao,544,96,000AAA19,0,1,1,4294967295,0,0
