colizao,0,408,002CA86D,0,1,1,4294967295,0,0
colizao,32,408,000A3DEC,0,1,1,4294967295,0,0
colizao,64,408,00282257,0,1,1,4294967295,0,0
colizao,96,408,0029ADF1,0,1,1,4294967295,0,0
colizao,128,408,001D49CA,0,1,1,4294967295,0,0
colizao,160,408,000900EC,0,1,1,4294967295,0,0
colizao,192,408,0007AB56,0,1,1,4294967295,0,0
colizao,224,408,0028730E,0,1,1,4294967295,0,0
colizao,256,408,00291DD4,0,1,1,4294967295,0,0
colizao,288,408,000D17D5,0,1,1,4294967295,0,0
colizao,320,408,00389E3A,0,1,1,4294967295,0,0
colizao,352,408,00121A5E,0,1,1,4294967295,0,0
colizao,384,408,001111DB,0,1,1,4294967295,0,0
colizao,416,408,0036C4E5,0,1,1,4294967295,0,0
colizao,448,408,000D5CB1,0,1,1,4294967295,0,0
colizao,480,408,00336607,0,1,1,4294967295,0,0
colizao,512,408,002347B8,0,1,1,4294967295,0,0
colizao,544,408,0008CE05,0,1,1,4294967295,0,0
colizao,576,408,003F1926,0,1,1,4294967295,0,0
colizao,608,408,001CC8FB,0,1,1,4294967295,0,0
colizao,640,408,00372AF1,0,1,1,4294967295,0,0
colizao,672,408,00389563,0,1,1,4294967295,0,0
colizao,704,408,003D35BE,0,1,1,4294967295,0,0
colizao,736,408,003C0AD5,0,1,1,4294967295,0,0
colizao,768,408,001126EB,0,1,1,4294967295,0,0
colizao,800,408,0037BD6B,0,1,1,4294967295,0,0
colizao,832,408,00397C00,0,1,1,4294967295,0,0
colizao,864,408,0007E87A,0,1,1,4294967295,0,0
colizao,896,408,0033E747,0,1,1,4294967295,0,0
colizao,928,408,002404CD,0,1,1,4294967295,0,0
colizao,960,408,00176BB0,0,1,1,4294967295,0,0
colizao,992,408,003100AE,0,1,1,4294967295,0,0
colizao,1024,408,0032DFEE,0,1,1,4294967295,0,0
colizao,1056,408,000874AA,0,1,1,4294967295,0,0
colizao,1088,408,0002F1EC,0,1,1,4294967295,0,0
colizao,1120,408,000939E4,0,1,1,4294967295,0,0
colizao,1152,408,00337196,0,1,1,4294967295,0,0
colizao,1184,408,003717A5,0,1,1,4294967295,0,0
colizao,1216,408,003ACC59,0,1,1,4294967295,0,0
colizao,1248,408,0037E11A,0,1,1,4294967295,0,0
colizao,1280,408,000D7791,0,1,1,4294967295,0,0
colizao,1312,408,000B3A82,0,1,1,4294967295,0,0
colizao,1344,408,002DBB3C,0,1,1,4294967295,0,0
colizao,1376,408,0009957F,0,1,1,4294967295,0,0
colizao,1408,408,0016C1BA,0,1,1,4294967295,0,0
colizao,1440,408,003CF756,0,1,1,4294967295,0,0
colizao,1472,408,001D133F,0,1,1,4294967295,0,0
colizao,1504,408,0012F3DC,0,1,1,4294967295,0,0
colizao,1536,408,002CA8A2,0,1,1,4294967295,0,0
colizao,1568,408,002F7749,0,1,1,4294967295,0,0
colizao,1600,408,003E1423,0,1,1,4294967295,0,0
colizao,1632,408,0015C8AB,0,1,1,4294967295,0,0
colizao,1664,408,002643F1,0,1,1,4294967295,0,0
colizao,1696,408,0007DA27,0,1,1,4294967295,0,0
colizao,1728,408,002C29AC,0,1,1,4294967295,0,0
colizao,1768,408,003CCB3C,0,1,1,4294967295,0,0
colizao,1760,408,00248AC0,0,1,1,4294967295,0,0
ENGAGE_CENTER,1480,504,00177252,0,1,1,4294967295,0,0
TP_LUNATIC_CORP,1760,472,000C9FF1,0,1,1,4294967295,0,0
TP_LUNATIC_CORP,1760,504,00028F3E,0,1,1,4294967295,0,0
TP_LUNATIC_CORP,1760,536,00068EBF,0,1,1,4294967295,0,0
TP_LUNATIC_CORP,1760,568,003F4947,0,1,1,4294967295,0,0
TP_LUNATIC_CORP,1760,600,000F141C,0,1,1,4294967295,0,0
TP_LUNATIC_CORP,1760,632,0034BE58,0,1,1,4294967295,0,0
TP_LUNATIC_CORP,1760,664,001B2952,0,1,1,4294967295,0,0
TP_LUNATIC_CORP,1760,696,0000B516,0,1,1,4294967295,0,0
TP_LUNATIC_CORP,1760,728,000B9641,0,1,1,4294967295,0,0
TP_LUNATIC_CORP,1760,760,00059E37,0,1,1,4294967295,0,0
TP_NOOBFIELD_EXTERIOR,8,456,0033EA38,0,1,1,4294967295,0,0
TP_NOOBFIELD_EXTERIOR,8,488,003F2102,0,1,1,4294967295,0,0
TP_NOOBFIELD_EXTERIOR,8,528,000E6436,0,1,1,4294967295,0,0
TP_NOOBFIELD_EXTERIOR,8,560,0002F9E5,0,1,1,4294967295,0,0
TP_NOOBFIELD_EXTERIOR,8,592,001399C0,0,1,1,4294967295,0,0
TP_NOOBFIELD_EXTERIOR,8,624,003ED6A6,0,1,1,4294967295,0,0
TP_NOOBFIELD_EXTERIOR,8,656,002E6A4A,0,1,1,4294967295,0,0
TP_NOOBFIELD_EXTERIOR,8,688,00013A84,0,1,1,4294967295,0,0
TP_NOOBFIELD_EXTERIOR,8,720,003E37C8,0,1,1,4294967295,0,0
TP_NOOBFIELD_EXTERIOR,8,752,000F2254,0,1,1,4294967295,0,0
player,1440,600,001E0639,0,1,1,4294967295,0,0
Predio_Castelia_City,1040,600,002ED56C,0,1,1,4294967295,0,0
PredioCasteliaCity_x0_7,288,440,003E34EC,0,1,1,4294967295,0,0
predioCasteliaCity_x0_5,776,448,00098673,0,1,1,4294967295,0,0
Predio_Castelia_City,304,616,00370103,0,1,1,4294967295,0,0
colizao,744,488,000528D3,0,1,1,4294967295,0,0
colizao,776,488,000C3AC4,0,1,1,4294967295,0,0
colizao,248,736,002C15C0,0,1,1,4294967295,0,0
colizao,280,736,000C5581,0,1,1,4294967295,0,0
colizao,312,736,00276CED,0,1,1,4294967295,0,0
colizao,344,736,000B6EB9,0,1,1,4294967295,0,0
colizao,984,720,0022E0D1,0,1,1,4294967295,0,0
colizao,1016,720,00270F89,0,1,1,4294967295,0,0
colizao,1048,720,0002B8DC,0,1,1,4294967295,0,0
colizao,1080,720,0021C6A8,0,1,1,4294967295,0,0
Sakura_tree,656,432,00239E12,0,1,1,4294967295,0,0
Cavalo,1624,616,0015A107,0,1,1,4294967295,0,0
Cavalo,112,760,002418BA,0,1,1,4294967295,0,0
Nami,1248,600,0005C693,0,1,1,4294967295,0,0
Nami,568,712,000BB0BA,0,1,1,4294967295,0,0
Nami,456,512,0014CADA,0,1,1,4294967295,0,0
Nami_limpar,640,464,00359A47,0,1,1,4294967295,0,0
Nami_limpar,224,688,0027FC08,0,1,1,4294967295,0,0
Nami_limpar,1312,528,00073620,0,1,1,4294967295,0,0
Nami_limpar,752,672,001A2A1D,0,1,1,4294967295,0,0
Nami_limpar,1168,480,0035C348,0,1,1,4294967295,0,0
Nami_limpar,400,496,002BD0DD,0,1,1,4294967295,0,0
Leaf_Enemy,648,528,00111A0D,0,1,1,4294967295,0,0
