controlador_usina_mikubyl,288,96,000963B4,0,1,1,4294967295,0,0
EXIT_MIKUBYL,608,288,001CCA8D,0,1,1,4294967295,0,0
EXIT_MIKUBYL,640,256,003B4DD9,0,1,1,4294967295,0,0
EXIT_MIKUBYL,672,288,00196A82,0,1,1,4294967295,0,0
EXIT_MIKUBYL,640,288,00379900,0,1,1,4294967295,0,0
EXIT_MIKUBYL,608,256,00022464,0,1,1,4294967295,0,0
EXIT_MIKUBYL,608,224,002CAD00,0,1,1,4294967295,0,0
EXIT_MIKUBYL,640,224,003BEEB0,0,1,1,4294967295,0,0
EXIT_MIKUBYL,672,224,000A9D12,0,1,1,4294967295,0,0
EXIT_MIKUBYL,672,256,003484BC,0,1,1,4294967295,0,0
obj_btn_up,736,400,0003B50C,0,1,1,4294967295,0,0
obj_btn_down,736,480,00079199,0,1,1,4294967295,0,0
obj_btn_space,720,528,002D99AA,0,1,1,4294967295,0,0
obj_btn_space,752,528,001A52A5,0,1,1,4294967295,0,0
obj_btn_space,752,560,001309F0,0,1,1,4294967295,0,0
obj_btn_space,720,560,0012FE26,0,1,1,4294967295,0,0
