colizao,336,48,000D6F68,0,1,1,4294967295,0,0
colizao,352,64,000CC8D7,0,1,1,4294967295,0,0
colizao,368,80,0037732D,0,1,1,4294967295,0,0
colizao,384,96,0032BF7E,0,1,1,4294967295,0,0
colizao,400,112,00399DDE,0,1,1,4294967295,0,0
colizao,432,112,000D0C5E,0,1,1,4294967295,0,0
colizao,448,128,00398C2B,0,1,1,4294967295,0,0
colizao,464,144,0039082E,0,1,1,4294967295,0,0
colizao,496,144,001B86D0,0,1,1,4294967295,0,0
colizao,512,160,003BAF6F,0,1,1,4294967295,0,0
colizao,528,176,0006D399,0,1,1,4294967295,0,0
colizao,544,192,0007E90A,0,1,1,4294967295,0,0
colizao,576,192,0035C0A3,0,1,1,4294967295,0,0
colizao,608,192,002EDFD3,0,1,1,4294967295,0,0
colizao,608,224,003FEBA6,0,1,1,4294967295,0,0
colizao,640,224,00194135,0,1,1,4294967295,0,0
colizao,640,256,0016DCEA,0,1,1,4294967295,0,0
colizao,672,256,0013EC72,0,1,1,4294967295,0,0
colizao,704,288,001E8101,0,1,1,4294967295,0,0
colizao,736,288,003E79FF,0,1,1,4294967295,0,0
colizao,768,288,0027FF49,0,1,1,4294967295,0,0
colizao,768,320,0039A11B,0,1,1,4294967295,0,0
colizao,800,320,002AAB1A,0,1,1,4294967295,0,0
colizao,832,352,0008C22B,0,1,1,4294967295,0,0
colizao,864,352,000DF1BA,0,1,1,4294967295,0,0
colizao,896,352,0009908A,0,1,1,4294967295,0,0
colizao,896,384,0018B5FF,0,1,1,4294967295,0,0
colizao,928,384,001759B8,0,1,1,4294967295,0,0
colizao,928,416,0006DD94,0,1,1,4294967295,0,0
colizao,960,416,00236CE7,0,1,1,4294967295,0,0
colizao,992,416,00037BED,0,1,1,4294967295,0,0
colizao,992,448,001E4561,0,1,1,4294967295,0,0
colizao,1024,448,00320101,0,1,1,4294967295,0,0
colizao,1024,480,00110704,0,1,1,4294967295,0,0
colizao,1056,480,0038F6F7,0,1,1,4294967295,0,0
colizao,1088,480,00139598,0,1,1,4294967295,0,0
colizao,1088,512,0006E979,0,1,1,4294967295,0,0
colizao,1120,512,002B8A82,0,1,1,4294967295,0,0
colizao,1152,512,0024A668,0,1,1,4294967295,0,0
colizao,1184,512,00357448,0,1,1,4294967295,0,0
colizao,1184,544,001185FD,0,1,1,4294967295,0,0
colizao,1216,544,00086B4D,0,1,1,4294967295,0,0
colizao,1248,544,00371984,0,1,1,4294967295,0,0
colizao,1248,576,003048DD,0,1,1,4294967295,0,0
colizao,1280,576,000F7FD5,0,1,1,4294967295,0,0
colizao,1312,576,002480ED,0,1,1,4294967295,0,0
colizao,1312,608,002E402A,0,1,1,4294967295,0,0
colizao,1344,608,003F20EA,0,1,1,4294967295,0,0
colizao,1376,608,00295AC3,0,1,1,4294967295,0,0
colizao,1696,800,0004BF08,0,1,1,4294967295,0,0
colizao,1728,800,00007BF9,0,1,1,4294967295,0,0
colizao,1728,832,0028C669,0,1,1,4294967295,0,0
colizao,1760,832,00047EA1,0,1,1,4294967295,0,0
colizao,1408,608,0023BAC3,0,1,1,4294967295,0,0
colizao,1408,640,0031DA62,0,1,1,4294967295,0,0
colizao,1440,640,0014F47E,0,1,1,4294967295,0,0
colizao,1440,672,00060260,0,1,1,4294967295,0,0
colizao,1472,672,00027175,0,1,1,4294967295,0,0
colizao,1504,704,002CE7B4,0,1,1,4294967295,0,0
colizao,1536,704,003D5663,0,1,1,4294967295,0,0
colizao,1536,736,00240D87,0,1,1,4294967295,0,0
colizao,1568,736,0013EBFA,0,1,1,4294967295,0,0
colizao,1600,736,00102CC7,0,1,1,4294967295,0,0
colizao,1632,768,0011F984,0,1,1,4294967295,0,0
colizao,1664,768,003D3CAC,0,1,1,4294967295,0,0
colizao,1664,800,003A9E7D,0,1,1,4294967295,0,0
colizao,1696,800,0024E0DC,0,1,1,4294967295,0,0
colizao,1728,800,003C028C,0,1,1,4294967295,0,0
colizao,1728,832,0037166E,0,1,1,4294967295,0,0
colizao,1760,832,002C7710,0,1,1,4294967295,0,0
colizao,1792,832,000C1986,0,1,1,4294967295,0,0
colizao,1824,864,002D7C40,0,1,1,4294967295,0,0
colizao,1856,864,0036EDDE,0,1,1,4294967295,0,0
colizao,1888,896,001AC7F6,0,1,1,4294967295,0,0
colizao,1920,896,00001BFA,0,1,1,4294967295,0,0
colizao,1920,928,000F1526,0,1,1,4294967295,0,0
colizao,1952,928,00173AE4,0,1,1,4294967295,0,0
colizao,1984,928,000B4C60,0,1,1,4294967295,0,0
colizao,2016,928,00103D5E,0,1,1,4294967295,0,0
colizao,2016,960,001B0E6C,0,1,1,4294967295,0,0
colizao,2048,960,000E9779,0,1,1,4294967295,0,0
colizao,2080,960,0023CBD1,0,1,1,4294967295,0,0
colizao,2080,992,001560ED,0,1,1,4294967295,0,0
colizao,2112,992,000F54A9,0,1,1,4294967295,0,0
colizao,2144,992,00089839,0,1,1,4294967295,0,0
colizao,2176,992,00357702,0,1,1,4294967295,0,0
colizao,2208,992,0029D8AE,0,1,1,4294967295,0,0
colizao,2240,992,002F667A,0,1,1,4294967295,0,0
colizao,2240,1024,00061ACE,0,1,1,4294967295,0,0
colizao,2208,1024,0028CF40,0,1,1,4294967295,0,0
colizao,2208,1056,003E18C4,0,1,1,4294967295,0,0
colizao,2176,1056,0018DD88,0,1,1,4294967295,0,0
colizao,2144,1056,0026833F,0,1,1,4294967295,0,0
colizao,2112,1056,0037E65B,0,1,1,4294967295,0,0
colizao,2112,1088,0036D408,0,1,1,4294967295,0,0
colizao,2080,1088,0006BE1C,0,1,1,4294967295,0,0
colizao,2048,1088,000C91DE,0,1,1,4294967295,0,0
colizao,2016,1088,00351F15,0,1,1,4294967295,0,0
colizao,2016,1120,000EECE1,0,1,1,4294967295,0,0
colizao,1984,1120,0025AE88,0,1,1,4294967295,0,0
colizao,1952,1120,0024A228,0,1,1,4294967295,0,0
colizao,1920,1120,003003F0,0,1,1,4294967295,0,0
colizao,1888,1120,000846B5,0,1,1,4294967295,0,0
colizao,1888,1152,0032918B,0,1,1,4294967295,0,0
colizao,1856,1152,001A15B0,0,1,1,4294967295,0,0
colizao,1824,1152,00148A53,0,1,1,4294967295,0,0
colizao,1824,1184,00057771,0,1,1,4294967295,0,0
colizao,1792,1184,002B628A,0,1,1,4294967295,0,0
colizao,1760,1184,00253B86,0,1,1,4294967295,0,0
colizao,1728,1184,0035EC5D,0,1,1,4294967295,0,0
colizao,1696,1216,0039C6D1,0,1,1,4294967295,0,0
colizao,1664,1216,00272FF4,0,1,1,4294967295,0,0
colizao,1632,1216,001F0BB5,0,1,1,4294967295,0,0
colizao,1632,1248,000103D3,0,1,1,4294967295,0,0
colizao,1600,1248,0027198B,0,1,1,4294967295,0,0
colizao,1568,1248,003D3679,0,1,1,4294967295,0,0
colizao,1568,1280,0021ED92,0,1,1,4294967295,0,0
colizao,1536,1280,002B184E,0,1,1,4294967295,0,0
colizao,1504,1280,0039976A,0,1,1,4294967295,0,0
colizao,1472,1280,0031CB67,0,1,1,4294967295,0,0
colizao,1472,1312,0007898F,0,1,1,4294967295,0,0
colizao,1440,1312,003305C8,0,1,1,4294967295,0,0
colizao,1408,1312,00157205,0,1,1,4294967295,0,0
colizao,1376,1312,0031845C,0,1,1,4294967295,0,0
colizao,1376,1344,002952EF,0,1,1,4294967295,0,0
colizao,1344,1344,002DBD2B,0,1,1,4294967295,0,0
colizao,1312,1344,0008FC83,0,1,1,4294967295,0,0
colizao,1280,1344,002EE94B,0,1,1,4294967295,0,0
colizao,1248,1344,001316F0,0,1,1,4294967295,0,0
colizao,1248,1376,00158E3E,0,1,1,4294967295,0,0
colizao,1216,1376,0017E597,0,1,1,4294967295,0,0
colizao,1184,1376,000C19E8,0,1,1,4294967295,0,0
colizao,1152,1376,00302E6C,0,1,1,4294967295,0,0
colizao,1120,1408,002F375A,0,1,1,4294967295,0,0
colizao,1088,1408,002E8BCB,0,1,1,4294967295,0,0
colizao,1088,1440,0006CD1F,0,1,1,4294967295,0,0
colizao,1056,1440,003F6720,0,1,1,4294967295,0,0
colizao,1024,1440,002110C1,0,1,1,4294967295,0,0
colizao,1024,1472,0016DC09,0,1,1,4294967295,0,0
colizao,992,1472,002C4BE6,0,1,1,4294967295,0,0
colizao,960,1472,0036F4E2,0,1,1,4294967295,0,0
colizao,928,1472,002F2C2D,0,1,1,4294967295,0,0
colizao,896,1472,001AC1CD,0,1,1,4294967295,0,0
colizao,896,1504,002DE7B6,0,1,1,4294967295,0,0
colizao,864,1504,00077098,0,1,1,4294967295,0,0
colizao,832,1504,00165D11,0,1,1,4294967295,0,0
colizao,832,1536,000C9E11,0,1,1,4294967295,0,0
colizao,800,1536,003DA7A1,0,1,1,4294967295,0,0
colizao,768,1536,0002DE1B,0,1,1,4294967295,0,0
colizao,736,1536,001A44CA,0,1,1,4294967295,0,0
colizao,704,1536,00047549,0,1,1,4294967295,0,0
colizao,704,1536,00270D72,0,1,1,4294967295,0,0
colizao,704,1568,0038D888,0,1,1,4294967295,0,0
colizao,672,1568,0020C2B3,0,1,1,4294967295,0,0
colizao,640,1568,0029DE18,0,1,1,4294967295,0,0
colizao,608,1568,002EE64B,0,1,1,4294967295,0,0
colizao,576,1568,002C728D,0,1,1,4294967295,0,0
colizao,576,1600,000D5915,0,1,1,4294967295,0,0
colizao,544,1600,00367041,0,1,1,4294967295,0,0
colizao,512,1600,000D0D2E,0,1,1,4294967295,0,0
colizao,480,1600,001822B1,0,1,1,4294967295,0,0
colizao,448,1600,001A1F58,0,1,1,4294967295,0,0
colizao,416,1600,002D5C70,0,1,1,4294967295,0,0
colizao,384,1600,002BC626,0,1,1,4294967295,0,0
colizao,352,1600,003ED337,0,1,1,4294967295,0,0
colizao,320,1600,003C3388,0,1,1,4294967295,0,0
colizao,288,1600,0010B3DD,0,1,1,4294967295,0,0
colizao,256,1600,001E0E35,0,1,1,4294967295,0,0
colizao,256,1632,001F20C6,0,1,1,4294967295,0,0
colizao,224,1632,00347C04,0,1,1,4294967295,0,0
colizao,192,1632,00312C47,0,1,1,4294967295,0,0
colizao,192,1664,001A58BD,0,1,1,4294967295,0,0
colizao,160,1664,002EBBE2,0,1,1,4294967295,0,0
colizao,128,1664,003BA652,0,1,1,4294967295,0,0
colizao,128,1696,00010B27,0,1,1,4294967295,0,0
colizao,128,1728,000AAAF2,0,1,1,4294967295,0,0
colizao,128,1760,000A2627,0,1,1,4294967295,0,0
colizao,96,1760,0005DCBE,0,1,1,4294967295,0,0
colizao,96,1792,002A84AC,0,1,1,4294967295,0,0
colizao,96,1824,001D7464,0,1,1,4294967295,0,0
colizao,128,1824,0023A5EB,0,1,1,4294967295,0,0
colizao,128,1856,0031BE9D,0,1,1,4294967295,0,0
colizao,128,1888,002BEC62,0,1,1,4294967295,0,0
colizao,160,1888,000B05F9,0,1,1,4294967295,0,0
colizao,160,1920,003CF5EE,0,1,1,4294967295,0,0
colizao,192,1920,003B0569,0,1,1,4294967295,0,0
colizao,192,1952,001E5B41,0,1,1,4294967295,0,0
colizao,224,1952,001A0B67,0,1,1,4294967295,0,0
colizao,224,1984,0014B9CE,0,1,1,4294967295,0,0
colizao,256,1984,0027E29B,0,1,1,4294967295,0,0
colizao,256,2016,000A6BAC,0,1,1,4294967295,0,0
colizao,288,2016,0035EDAF,0,1,1,4294967295,0,0
colizao,288,2048,00386B26,0,1,1,4294967295,0,0
colizao,320,2048,0029A44C,0,1,1,4294967295,0,0
colizao,320,2080,0009A9BD,0,1,1,4294967295,0,0
colizao,352,2080,00015ECA,0,1,1,4294967295,0,0
colizao,384,2080,003AAE23,0,1,1,4294967295,0,0
colizao,384,2112,0001A752,0,1,1,4294967295,0,0
colizao,448,2080,003EA569,0,1,1,4294967295,0,0
colizao,480,2112,001C4C2B,0,1,1,4294967295,0,0
colizao,512,2112,002793AC,0,1,1,4294967295,0,0
colizao,512,2144,000BAF43,0,1,1,4294967295,0,0
colizao,544,2144,003E356A,0,1,1,4294967295,0,0
colizao,544,2176,001F358A,0,1,1,4294967295,0,0
colizao,576,2176,00140EE2,0,1,1,4294967295,0,0
colizao,608,2176,00185E18,0,1,1,4294967295,0,0
colizao,608,2208,00175883,0,1,1,4294967295,0,0
colizao,640,2208,002A9152,0,1,1,4294967295,0,0
colizao,640,2240,003E5C40,0,1,1,4294967295,0,0
colizao,672,2240,001B4556,0,1,1,4294967295,0,0
colizao,704,2240,00319B0A,0,1,1,4294967295,0,0
colizao,704,2272,002AB1D9,0,1,1,4294967295,0,0
colizao,736,2272,000067F2,0,1,1,4294967295,0,0
colizao,768,2272,0038D48C,0,1,1,4294967295,0,0
colizao,800,2304,000D0CFD,0,1,1,4294967295,0,0
colizao,832,2304,000AC53E,0,1,1,4294967295,0,0
colizao,832,2336,002C5304,0,1,1,4294967295,0,0
colizao,864,2336,00130058,0,1,1,4294967295,0,0
colizao,896,2336,000361DF,0,1,1,4294967295,0,0
colizao,896,2368,001D20B9,0,1,1,4294967295,0,0
colizao,2144,3072,002C718B,0,1,1,4294967295,0,0
colizao,2176,3072,0006A358,0,1,1,4294967295,0,0
colizao,2176,3104,002EB217,0,1,1,4294967295,0,0
colizao,2208,3104,000DFB51,0,1,1,4294967295,0,0
colizao,2240,3104,00252E7A,0,1,1,4294967295,0,0
colizao,2272,3104,0013D544,0,1,1,4294967295,0,0
colizao,2272,3136,00350B6F,0,1,1,4294967295,0,0
colizao,2304,3136,000BAF3E,0,1,1,4294967295,0,0
colizao,896,2336,0012E260,0,1,1,4294967295,0,0
colizao,896,2368,000434A5,0,1,1,4294967295,0,0
colizao,928,2368,0003DD1E,0,1,1,4294967295,0,0
colizao,960,2368,0016FCEE,0,1,1,4294967295,0,0
colizao,960,2400,003B7525,0,1,1,4294967295,0,0
colizao,992,2400,002D6EC8,0,1,1,4294967295,0,0
colizao,1024,2400,0014AF69,0,1,1,4294967295,0,0
colizao,1056,2432,0005245B,0,1,1,4294967295,0,0
colizao,1184,2496,001395AF,0,1,1,4294967295,0,0
colizao,1216,2528,003C2603,0,1,1,4294967295,0,0
colizao,1248,2528,0024F09C,0,1,1,4294967295,0,0
colizao,1280,2528,000AA6CB,0,1,1,4294967295,0,0
colizao,1280,2560,000F8333,0,1,1,4294967295,0,0
colizao,1312,2560,000AB033,0,1,1,4294967295,0,0
colizao,1312,2592,00200518,0,1,1,4294967295,0,0
colizao,1344,2592,0033E6D3,0,1,1,4294967295,0,0
colizao,1344,2624,001B6B7C,0,1,1,4294967295,0,0
colizao,1376,2624,000FF15F,0,1,1,4294967295,0,0
colizao,1088,2432,000302C7,0,1,1,4294967295,0,0
colizao,1120,2464,00040306,0,1,1,4294967295,0,0
colizao,1152,2464,001454B9,0,1,1,4294967295,0,0
colizao,1408,2624,0003C713,0,1,1,4294967295,0,0
colizao,1440,2624,00169CB9,0,1,1,4294967295,0,0
colizao,1440,2656,0002E8E2,0,1,1,4294967295,0,0
colizao,1472,2656,002234FF,0,1,1,4294967295,0,0
colizao,1504,2656,002CFBD1,0,1,1,4294967295,0,0
colizao,1504,2688,0028C0E0,0,1,1,4294967295,0,0
colizao,1536,2688,000BD861,0,1,1,4294967295,0,0
colizao,1536,2720,002551BE,0,1,1,4294967295,0,0
colizao,1568,2720,0011E002,0,1,1,4294967295,0,0
colizao,1568,2752,00036797,0,1,1,4294967295,0,0
colizao,1600,2752,0009ACF7,0,1,1,4294967295,0,0
colizao,1600,2784,003C281A,0,1,1,4294967295,0,0
colizao,1632,2784,0020C25C,0,1,1,4294967295,0,0
colizao,1664,2816,002A826E,0,1,1,4294967295,0,0
colizao,1696,2816,001485A2,0,1,1,4294967295,0,0
colizao,1696,2848,00326E35,0,1,1,4294967295,0,0
colizao,1728,2848,00286A37,0,1,1,4294967295,0,0
colizao,1760,2848,00391400,0,1,1,4294967295,0,0
colizao,1792,2880,00381B9A,0,1,1,4294967295,0,0
colizao,1824,2880,003ED9D7,0,1,1,4294967295,0,0
colizao,1856,2880,0015A9FF,0,1,1,4294967295,0,0
colizao,1856,2912,000E3AAC,0,1,1,4294967295,0,0
colizao,1888,2912,003A291B,0,1,1,4294967295,0,0
colizao,1888,2944,003F8949,0,1,1,4294967295,0,0
colizao,1920,2944,0031F3FD,0,1,1,4294967295,0,0
colizao,1952,2944,0000F553,0,1,1,4294967295,0,0
colizao,1952,2976,00089B43,0,1,1,4294967295,0,0
colizao,1984,2976,003B265B,0,1,1,4294967295,0,0
colizao,2016,2976,00312B3D,0,1,1,4294967295,0,0
colizao,2016,3008,0025AE63,0,1,1,4294967295,0,0
colizao,2048,3008,0005ADF7,0,1,1,4294967295,0,0
colizao,2080,3008,00379B5B,0,1,1,4294967295,0,0
colizao,2112,3040,00312F90,0,1,1,4294967295,0,0
colizao,2144,3040,000211EC,0,1,1,4294967295,0,0
colizao,2176,3040,0037DAD7,0,1,1,4294967295,0,0
colizao,2208,3040,000A1084,0,1,1,4294967295,0,0
colizao,2208,3072,001625F2,0,1,1,4294967295,0,0
colizao,2240,3072,001BC544,0,1,1,4294967295,0,0
colizao,2272,3072,0036AAD9,0,1,1,4294967295,0,0
colizao,2272,3104,00144227,0,1,1,4294967295,0,0
colizao,2336,3136,000590DA,0,1,1,4294967295,0,0
colizao,2368,3136,00171947,0,1,1,4294967295,0,0
colizao,2400,3136,003BDDEC,0,1,1,4294967295,0,0
colizao,2432,3136,002F1E56,0,1,1,4294967295,0,0
colizao,2464,3136,000D0BA1,0,1,1,4294967295,0,0
colizao,2496,3136,00385302,0,1,1,4294967295,0,0
colizao,2528,3136,000C3A9A,0,1,1,4294967295,0,0
colizao,2560,3136,0019633D,0,1,1,4294967295,0,0
colizao,2592,3136,0014EAA3,0,1,1,4294967295,0,0
colizao,2592,3104,001BA8E7,0,1,1,4294967295,0,0
colizao,2624,3104,0003D034,0,1,1,4294967295,0,0
colizao,2624,3072,000BB74C,0,1,1,4294967295,0,0
colizao,2624,3040,000DACE2,0,1,1,4294967295,0,0
colizao,2624,3008,00150618,0,1,1,4294967295,0,0
colizao,2624,2976,0018029E,0,1,1,4294967295,0,0
colizao,2624,2944,0023C62D,0,1,1,4294967295,0,0
colizao,2624,2912,0016F687,0,1,1,4294967295,0,0
colizao,2624,2880,002CF476,0,1,1,4294967295,0,0
colizao,2624,2848,003A2F4B,0,1,1,4294967295,0,0
colizao,2592,2848,002B1400,0,1,1,4294967295,0,0
colizao,2560,2848,002E958F,0,1,1,4294967295,0,0
colizao,2528,2848,00095DB4,0,1,1,4294967295,0,0
colizao,2496,2848,000FA3ED,0,1,1,4294967295,0,0
colizao,2432,2848,000CE3D7,0,1,1,4294967295,0,0
colizao,2400,2848,000742CB,0,1,1,4294967295,0,0
colizao,2368,2848,001D895D,0,1,1,4294967295,0,0
colizao,2336,2848,00082C18,0,1,1,4294967295,0,0
colizao,2368,2848,001D39E8,0,1,1,4294967295,0,0
colizao,2400,2848,00377293,0,1,1,4294967295,0,0
colizao,2432,2848,0007C548,0,1,1,4294967295,0,0
colizao,2464,2848,00261C5D,0,1,1,4294967295,0,0
colizao,2304,2848,0022CC23,0,1,1,4294967295,0,0
colizao,2272,2848,003A29B8,0,1,1,4294967295,0,0
colizao,2240,2848,001E6B5D,0,1,1,4294967295,0,0
colizao,2208,2848,0022F220,0,1,1,4294967295,0,0
colizao,2144,2784,002A40C4,0,1,1,4294967295,0,0
colizao,2112,2784,00187704,0,1,1,4294967295,0,0
colizao,2112,2752,00309882,0,1,1,4294967295,0,0
colizao,2080,2752,0026A70D,0,1,1,4294967295,0,0
colizao,2080,2720,003273FA,0,1,1,4294967295,0,0
colizao,2048,2720,00144337,0,1,1,4294967295,0,0
colizao,2016,2720,001ABD4A,0,1,1,4294967295,0,0
colizao,2016,2688,0016827E,0,1,1,4294967295,0,0
colizao,1984,2688,0016522F,0,1,1,4294967295,0,0
colizao,1984,2656,00055A49,0,1,1,4294967295,0,0
colizao,1952,2656,0017B361,0,1,1,4294967295,0,0
colizao,1920,2656,00154F77,0,1,1,4294967295,0,0
colizao,1920,2624,0027C7D3,0,1,1,4294967295,0,0
colizao,1888,2624,0029A2A2,0,1,1,4294967295,0,0
colizao,1856,2624,00087B0F,0,1,1,4294967295,0,0
colizao,1856,2592,00199DB9,0,1,1,4294967295,0,0
colizao,1824,2592,003C44D1,0,1,1,4294967295,0,0
colizao,1824,2560,0033EF1F,0,1,1,4294967295,0,0
colizao,1792,2560,00003253,0,1,1,4294967295,0,0
colizao,1792,2528,0012B1F2,0,1,1,4294967295,0,0
colizao,1760,2528,0000FD85,0,1,1,4294967295,0,0
colizao,1728,2528,003C7A45,0,1,1,4294967295,0,0
colizao,1728,2496,002D264A,0,1,1,4294967295,0,0
colizao,1696,2496,00229D88,0,1,1,4294967295,0,0
colizao,2144,2784,0039810C,0,1,1,4294967295,0,0
colizao,2176,2784,003E53A0,0,1,1,4294967295,0,0
colizao,2176,2816,0009E76F,0,1,1,4294967295,0,0
colizao,2208,2816,000378FA,0,1,1,4294967295,0,0
colizao,1664,2496,00164441,0,1,1,4294967295,0,0
colizao,1632,2464,0022FBB8,0,1,1,4294967295,0,0
colizao,1600,2464,0014FEFB,0,1,1,4294967295,0,0
colizao,1600,2432,000171C6,0,1,1,4294967295,0,0
colizao,1568,2432,0030C8FC,0,1,1,4294967295,0,0
colizao,1536,2432,002AF7B1,0,1,1,4294967295,0,0
colizao,1504,2432,0013993F,0,1,1,4294967295,0,0
colizao,1504,2400,003CFDB6,0,1,1,4294967295,0,0
colizao,1472,2400,0034247A,0,1,1,4294967295,0,0
colizao,1472,2368,00108982,0,1,1,4294967295,0,0
colizao,1440,2368,0000FBAE,0,1,1,4294967295,0,0
colizao,1408,2368,003E7903,0,1,1,4294967295,0,0
colizao,1408,2336,001ED956,0,1,1,4294967295,0,0
colizao,1376,2336,00171DAB,0,1,1,4294967295,0,0
colizao,1344,2336,0011C382,0,1,1,4294967295,0,0
colizao,1344,2304,0033AF78,0,1,1,4294967295,0,0
colizao,1312,2304,000B5CA4,0,1,1,4294967295,0,0
colizao,1280,2304,0001F24A,0,1,1,4294967295,0,0
colizao,1248,2272,00062EFA,0,1,1,4294967295,0,0
colizao,1216,2272,003A48ED,0,1,1,4294967295,0,0
colizao,1216,2240,0003F7BF,0,1,1,4294967295,0,0
colizao,1184,2240,00058356,0,1,1,4294967295,0,0
colizao,1152,2240,001902CD,0,1,1,4294967295,0,0
colizao,1120,2208,0030DBF8,0,1,1,4294967295,0,0
colizao,1088,2208,003563BC,0,1,1,4294967295,0,0
colizao,1088,2176,000EAB73,0,1,1,4294967295,0,0
colizao,1056,2176,00223E58,0,1,1,4294967295,0,0
colizao,1056,2144,0015AE91,0,1,1,4294967295,0,0
colizao,1024,2144,0021978E,0,1,1,4294967295,0,0
colizao,1024,2112,00117AE1,0,1,1,4294967295,0,0
colizao,992,2112,001C2B08,0,1,1,4294967295,0,0
colizao,960,2112,00091FCA,0,1,1,4294967295,0,0
colizao,928,2112,00095E4B,0,1,1,4294967295,0,0
colizao,928,2080,001D5CF1,0,1,1,4294967295,0,0
colizao,896,2080,000383D1,0,1,1,4294967295,0,0
colizao,864,2080,001AE631,0,1,1,4294967295,0,0
colizao,864,2048,000AAE80,0,1,1,4294967295,0,0
colizao,832,2048,00055526,0,1,1,4294967295,0,0
colizao,800,2048,001EDFD9,0,1,1,4294967295,0,0
colizao,800,2016,00196082,0,1,1,4294967295,0,0
colizao,768,2016,000A3426,0,1,1,4294967295,0,0
colizao,736,2016,003D24D8,0,1,1,4294967295,0,0
colizao,736,1984,000688B0,0,1,1,4294967295,0,0
colizao,704,1984,002AD797,0,1,1,4294967295,0,0
colizao,672,1984,000AA505,0,1,1,4294967295,0,0
colizao,640,1984,001612F9,0,1,1,4294967295,0,0
colizao,640,1952,001BD7F4,0,1,1,4294967295,0,0
colizao,608,1952,0005461A,0,1,1,4294967295,0,0
colizao,576,1920,0023F9EE,0,1,1,4294967295,0,0
colizao,544,1920,0021E47B,0,1,1,4294967295,0,0
colizao,544,1888,00253542,0,1,1,4294967295,0,0
colizao,512,1888,002F75A4,0,1,1,4294967295,0,0
colizao,480,1888,001D9018,0,1,1,4294967295,0,0
colizao,480,1856,000148FF,0,1,1,4294967295,0,0
colizao,512,1856,001F5AA1,0,1,1,4294967295,0,0
colizao,544,1856,003CCD6F,0,1,1,4294967295,0,0
colizao,576,1824,003FF622,0,1,1,4294967295,0,0
colizao,576,1856,00061C50,0,1,1,4294967295,0,0
colizao,608,1856,001B5994,0,1,1,4294967295,0,0
colizao,608,1824,001192F6,0,1,1,4294967295,0,0
colizao,640,1824,003DE7E4,0,1,1,4294967295,0,0
colizao,672,1824,001121A7,0,1,1,4294967295,0,0
colizao,704,1824,0015682B,0,1,1,4294967295,0,0
colizao,704,1792,0001F391,0,1,1,4294967295,0,0
colizao,736,1792,002BE58D,0,1,1,4294967295,0,0
colizao,768,1792,002F4208,0,1,1,4294967295,0,0
colizao,768,1760,003FFFCE,0,1,1,4294967295,0,0
colizao,800,1760,00334A6F,0,1,1,4294967295,0,0
colizao,832,1760,00057DCD,0,1,1,4294967295,0,0
colizao,832,1728,00020243,0,1,1,4294967295,0,0
colizao,864,1728,000C6437,0,1,1,4294967295,0,0
colizao,896,1728,0037B79F,0,1,1,4294967295,0,0
colizao,928,1728,0015E576,0,1,1,4294967295,0,0
colizao,928,1696,0015AF91,0,1,1,4294967295,0,0
colizao,960,1696,00102BF5,0,1,1,4294967295,0,0
colizao,992,1696,002C7661,0,1,1,4294967295,0,0
colizao,1024,1696,00247EA5,0,1,1,4294967295,0,0
colizao,1024,1664,000E95FA,0,1,1,4294967295,0,0
colizao,1056,1664,002B6AFA,0,1,1,4294967295,0,0
colizao,1088,1664,002E68A2,0,1,1,4294967295,0,0
colizao,1088,1632,001B5574,0,1,1,4294967295,0,0
colizao,1120,1632,00338759,0,1,1,4294967295,0,0
colizao,1152,1632,003179D3,0,1,1,4294967295,0,0
colizao,1184,1632,000DF918,0,1,1,4294967295,0,0
colizao,1184,1600,002857FE,0,1,1,4294967295,0,0
colizao,1216,1600,001DC386,0,1,1,4294967295,0,0
colizao,1248,1600,001C09A3,0,1,1,4294967295,0,0
colizao,1280,1600,003A68AD,0,1,1,4294967295,0,0
colizao,1280,1568,002C1768,0,1,1,4294967295,0,0
colizao,1312,1568,00338D8B,0,1,1,4294967295,0,0
colizao,1344,1568,0023EAC1,0,1,1,4294967295,0,0
colizao,1344,1536,00275BC0,0,1,1,4294967295,0,0
colizao,1376,1536,001AE730,0,1,1,4294967295,0,0
colizao,1408,1536,0015EA0A,0,1,1,4294967295,0,0
colizao,1408,1504,0029DF20,0,1,1,4294967295,0,0
colizao,1440,1504,000A31CD,0,1,1,4294967295,0,0
colizao,1472,1504,0001E5CB,0,1,1,4294967295,0,0
colizao,1504,1504,00073E2D,0,1,1,4294967295,0,0
colizao,1536,1504,002C68B2,0,1,1,4294967295,0,0
colizao,1536,1472,000F9AB2,0,1,1,4294967295,0,0
colizao,1568,1472,00338149,0,1,1,4294967295,0,0
colizao,1600,1472,0013FE88,0,1,1,4294967295,0,0
colizao,1632,1472,0013AA43,0,1,1,4294967295,0,0
colizao,1664,1472,0003BBB1,0,1,1,4294967295,0,0
colizao,1696,1472,002CDF2E,0,1,1,4294967295,0,0
colizao,1696,1440,001FECDB,0,1,1,4294967295,0,0
colizao,1728,1440,002FDF8A,0,1,1,4294967295,0,0
colizao,1760,1440,0034C323,0,1,1,4294967295,0,0
colizao,1792,1440,001B8200,0,1,1,4294967295,0,0
colizao,1824,1440,0005FAA0,0,1,1,4294967295,0,0
colizao,1824,1408,0012CFA5,0,1,1,4294967295,0,0
colizao,1856,1408,002318F1,0,1,1,4294967295,0,0
colizao,1888,1408,0030CBE2,0,1,1,4294967295,0,0
colizao,1888,1376,000A16FA,0,1,1,4294967295,0,0
colizao,1920,1376,0003F729,0,1,1,4294967295,0,0
colizao,1952,1376,002BF156,0,1,1,4294967295,0,0
colizao,1984,1376,0008E6E3,0,1,1,4294967295,0,0
colizao,2016,1376,002A4AA7,0,1,1,4294967295,0,0
colizao,2016,1344,0014DC4B,0,1,1,4294967295,0,0
colizao,2048,1344,001E7F3A,0,1,1,4294967295,0,0
colizao,2080,1344,003A65A0,0,1,1,4294967295,0,0
colizao,2112,1344,00303A87,0,1,1,4294967295,0,0
colizao,2112,1312,00344F5D,0,1,1,4294967295,0,0
colizao,2144,1312,0008AF8C,0,1,1,4294967295,0,0
colizao,2176,1312,002B0B1A,0,1,1,4294967295,0,0
colizao,2208,1312,0031B5FB,0,1,1,4294967295,0,0
colizao,2240,1312,002A6147,0,1,1,4294967295,0,0
colizao,2240,1280,000EE357,0,1,1,4294967295,0,0
colizao,2272,1280,0025A10D,0,1,1,4294967295,0,0
colizao,2304,1280,003DE98F,0,1,1,4294967295,0,0
colizao,2304,1248,0038E18B,0,1,1,4294967295,0,0
colizao,2336,1248,0036AB56,0,1,1,4294967295,0,0
colizao,2368,1248,002B7993,0,1,1,4294967295,0,0
colizao,2368,1216,00071DC6,0,1,1,4294967295,0,0
colizao,2400,1216,0028EADA,0,1,1,4294967295,0,0
colizao,2432,1216,001B7AFD,0,1,1,4294967295,0,0
colizao,2464,1216,0019BBC4,0,1,1,4294967295,0,0
colizao,2464,1184,0029D2E8,0,1,1,4294967295,0,0
colizao,2496,1184,00244082,0,1,1,4294967295,0,0
colizao,2528,1184,001608E2,0,1,1,4294967295,0,0
colizao,2560,1184,00043BFF,0,1,1,4294967295,0,0
colizao,2560,1152,003AD4B5,0,1,1,4294967295,0,0
colizao,2592,1152,0001C12F,0,1,1,4294967295,0,0
colizao,2624,1152,00294302,0,1,1,4294967295,0,0
colizao,2656,1120,00384207,0,1,1,4294967295,0,0
colizao,2688,1120,00228CBD,0,1,1,4294967295,0,0
colizao,2720,1088,000345AD,0,1,1,4294967295,0,0
colizao,2720,1056,001FA675,0,1,1,4294967295,0,0
colizao,2752,1024,0029692D,0,1,1,4294967295,0,0
colizao,2784,1024,000F521F,0,1,1,4294967295,0,0
colizao,2784,992,000C9BB4,0,1,1,4294967295,0,0
colizao,2816,992,000F197F,0,1,1,4294967295,0,0
colizao,2816,960,001FE327,0,1,1,4294967295,0,0
colizao,2816,928,001EF81C,0,1,1,4294967295,0,0
colizao,2784,928,0031CF9B,0,1,1,4294967295,0,0
colizao,2784,896,0008E953,0,1,1,4294967295,0,0
colizao,2752,896,0004D3FA,0,1,1,4294967295,0,0
colizao,2752,864,002F17E5,0,1,1,4294967295,0,0
colizao,2720,864,0004E07E,0,1,1,4294967295,0,0
colizao,2688,864,000E2414,0,1,1,4294967295,0,0
colizao,2656,864,00050A71,0,1,1,4294967295,0,0
colizao,2624,864,00135C28,0,1,1,4294967295,0,0
colizao,2624,832,0021C4E9,0,1,1,4294967295,0,0
colizao,2592,864,002F3318,0,1,1,4294967295,0,0
colizao,2560,864,0009BC45,0,1,1,4294967295,0,0
colizao,2528,864,0000977D,0,1,1,4294967295,0,0
colizao,2496,864,003D5B7C,0,1,1,4294967295,0,0
colizao,2464,864,000CD439,0,1,1,4294967295,0,0
colizao,2432,864,001C98B7,0,1,1,4294967295,0,0
colizao,2432,832,000A61FE,0,1,1,4294967295,0,0
colizao,2400,832,00196609,0,1,1,4294967295,0,0
colizao,2368,832,0003FF4C,0,1,1,4294967295,0,0
colizao,2336,832,00186300,0,1,1,4294967295,0,0
colizao,2304,832,0023D91A,0,1,1,4294967295,0,0
colizao,2304,800,0004D3A1,0,1,1,4294967295,0,0
colizao,2272,800,00175679,0,1,1,4294967295,0,0
colizao,2240,800,001AB438,0,1,1,4294967295,0,0
colizao,2208,800,0021F130,0,1,1,4294967295,0,0
colizao,2208,768,00227CFC,0,1,1,4294967295,0,0
colizao,2176,768,0000F10F,0,1,1,4294967295,0,0
colizao,2144,768,003839CF,0,1,1,4294967295,0,0
colizao,2144,736,000EB15C,0,1,1,4294967295,0,0
colizao,2112,736,00030D9D,0,1,1,4294967295,0,0
colizao,2080,736,00232F1B,0,1,1,4294967295,0,0
colizao,2048,704,00071569,0,1,1,4294967295,0,0
colizao,2016,704,002BA537,0,1,1,4294967295,0,0
colizao,2016,672,002EE617,0,1,1,4294967295,0,0
colizao,1984,672,001BF9A0,0,1,1,4294967295,0,0
colizao,1984,640,0024C2A8,0,1,1,4294967295,0,0
colizao,1952,640,0011E20A,0,1,1,4294967295,0,0
colizao,1952,608,0004B6CE,0,1,1,4294967295,0,0
colizao,1920,608,001722F3,0,1,1,4294967295,0,0
colizao,1920,576,00244B5C,0,1,1,4294967295,0,0
colizao,1888,576,00324250,0,1,1,4294967295,0,0
colizao,1888,544,00310B4B,0,1,1,4294967295,0,0
colizao,1856,544,00017934,0,1,1,4294967295,0,0
colizao,1856,512,002FEC43,0,1,1,4294967295,0,0
colizao,1824,512,003EBF31,0,1,1,4294967295,0,0
colizao,1792,512,003F2E50,0,1,1,4294967295,0,0
colizao,1760,512,00176C61,0,1,1,4294967295,0,0
colizao,1760,480,002A3F85,0,1,1,4294967295,0,0
colizao,1728,480,002233D9,0,1,1,4294967295,0,0
colizao,1696,480,00285202,0,1,1,4294967295,0,0
colizao,1664,480,00133B56,0,1,1,4294967295,0,0
colizao,1632,480,00364772,0,1,1,4294967295,0,0
colizao,1632,448,0031D39C,0,1,1,4294967295,0,0
colizao,1600,448,000573CB,0,1,1,4294967295,0,0
colizao,1568,448,00151DB7,0,1,1,4294967295,0,0
colizao,1568,416,00167E00,0,1,1,4294967295,0,0
colizao,1536,416,0016C27B,0,1,1,4294967295,0,0
colizao,1504,416,00217B90,0,1,1,4294967295,0,0
colizao,1472,416,0028F289,0,1,1,4294967295,0,0
colizao,1472,384,00290106,0,1,1,4294967295,0,0
colizao,1440,384,0002CC6C,0,1,1,4294967295,0,0
colizao,1440,352,00353C19,0,1,1,4294967295,0,0
colizao,1408,352,00225F2C,0,1,1,4294967295,0,0
colizao,1408,320,000F757F,0,1,1,4294967295,0,0
colizao,1376,320,000A9B7C,0,1,1,4294967295,0,0
colizao,1344,320,002AF825,0,1,1,4294967295,0,0
colizao,1312,320,0016AE46,0,1,1,4294967295,0,0
colizao,1312,288,002B62B2,0,1,1,4294967295,0,0
colizao,1280,288,00172688,0,1,1,4294967295,0,0
colizao,1248,288,0011CF5B,0,1,1,4294967295,0,0
colizao,1248,256,0009DA3D,0,1,1,4294967295,0,0
colizao,1216,256,001B85F9,0,1,1,4294967295,0,0
colizao,1184,256,002D0FD9,0,1,1,4294967295,0,0
colizao,1184,224,003D2C5E,0,1,1,4294967295,0,0
colizao,1152,224,00375564,0,1,1,4294967295,0,0
colizao,1120,224,00039348,0,1,1,4294967295,0,0
colizao,1088,224,0017E5A4,0,1,1,4294967295,0,0
colizao,1088,192,0019921D,0,1,1,4294967295,0,0
colizao,1056,192,002B8FF2,0,1,1,4294967295,0,0
colizao,1024,192,002C6D5D,0,1,1,4294967295,0,0
colizao,992,160,001A153A,0,1,1,4294967295,0,0
colizao,960,160,0016A95A,0,1,1,4294967295,0,0
colizao,960,128,00392F39,0,1,1,4294967295,0,0
colizao,928,128,00211B86,0,1,1,4294967295,0,0
colizao,896,128,000DB11F,0,1,1,4294967295,0,0
colizao,896,96,000A2EFE,0,1,1,4294967295,0,0
colizao,864,96,001B2E77,0,1,1,4294967295,0,0
colizao,864,64,003ECABF,0,1,1,4294967295,0,0
colizao,832,64,0038ACB5,0,1,1,4294967295,0,0
colizao,800,64,000D7622,0,1,1,4294967295,0,0
colizao,800,32,0030F65A,0,1,1,4294967295,0,0
colizao,768,32,0034B458,0,1,1,4294967295,0,0
colizao,736,32,001F6B10,0,1,1,4294967295,0,0
colizao,704,32,001C56CF,0,1,1,4294967295,0,0
colizao,704,0,00057FB7,0,1,1,4294967295,0,0
colizao,672,0,000D2882,0,1,1,4294967295,0,0
colizao,640,0,003A15AF,0,1,1,4294967295,0,0
colizao,608,0,001255CF,0,1,1,4294967295,0,0
colizao,288,32,002F41C0,0,1,1,4294967295,0,0
colizao,256,32,001EB0C3,0,1,1,4294967295,0,0
colizao,224,32,0034A7F1,0,1,1,4294967295,0,0
colizao,192,32,003135C6,0,1,1,4294967295,0,0
colizao,128,32,00179EF6,0,1,1,4294967295,0,0
colizao,96,32,00188355,0,1,1,4294967295,0,0
colizao,64,32,003FF5E7,0,1,1,4294967295,0,0
colizao,32,32,0029AE62,0,1,1,4294967295,0,0
colizao,0,32,001A3A11,0,1,1,4294967295,0,0
colizao,32,32,0030A71D,0,1,1,4294967295,0,0
colizao,64,32,003CDE09,0,1,1,4294967295,0,0
colizao,96,32,003541B1,0,1,1,4294967295,0,0
colizao,128,32,002A7A9D,0,1,1,4294967295,0,0
colizao,160,32,0001D317,0,1,1,4294967295,0,0
chegada,2592,3072,00246C55,0,1,1,4294967295,0,0
chegada,2464,2880,00178B14,0,1,1,4294967295,0,0
chegada,2496,2880,000BE2C8,0,1,1,4294967295,0,0
chegada,2528,2880,0001828C,0,1,1,4294967295,0,0
chegada,2560,2880,001A2DBF,0,1,1,4294967295,0,0
chegada,2592,2880,0036B304,0,1,1,4294967295,0,0
chegada,2592,2912,0033317F,0,1,1,4294967295,0,0
chegada,2592,2944,003B4DFE,0,1,1,4294967295,0,0
chegada,2592,2976,0027B2D2,0,1,1,4294967295,0,0
chegada,2592,3008,0000AFFE,0,1,1,4294967295,0,0
chegada,2592,3040,0033D877,0,1,1,4294967295,0,0
chegada,2560,3040,0018BF83,0,1,1,4294967295,0,0
chegada,2560,3072,0030E1A5,0,1,1,4294967295,0,0
chegada,2496,3072,002FA8C8,0,1,1,4294967295,0,0
chegada,2432,3104,0036E54F,0,1,1,4294967295,0,0
chegada,2464,3072,00098EE5,0,1,1,4294967295,0,0
chegada,2432,2912,004039EE,0,1,1,4294967295,0,0
chegada,2432,2944,003EC93A,0,1,1,4294967295,0,0
chegada,2400,2976,003C8420,0,1,1,4294967295,0,0
chegada,2400,3008,0029D2FC,0,1,1,4294967295,0,0
chegada,2400,3040,0018D953,0,1,1,4294967295,0,0
chegada,2400,3072,000486CB,0,1,1,4294967295,0,0
chegada,2432,3072,000249CE,0,1,1,4294967295,0,0
chegada,2432,3040,001DDC59,0,1,1,4294967295,0,0
chegada,2432,3008,000F7C75,0,1,1,4294967295,0,0
chegada,2464,3008,00276DD3,0,1,1,4294967295,0,0
chegada,2496,3008,00360133,0,1,1,4294967295,0,0
chegada,2528,3008,0026BCB1,0,1,1,4294967295,0,0
chegada,2560,3008,00363125,0,1,1,4294967295,0,0
chegada,2560,2976,00371D6A,0,1,1,4294967295,0,0
chegada,2560,2944,00269EF3,0,1,1,4294967295,0,0
chegada,2560,2912,003EEC4C,0,1,1,4294967295,0,0
chegada,2464,2912,003C61C4,0,1,1,4294967295,0,0
chegada,2464,2944,000AB939,0,1,1,4294967295,0,0
chegada,2464,2976,000359DC,0,1,1,4294967295,0,0
chegada,2496,2976,0025494A,0,1,1,4294967295,0,0
chegada,2528,2976,00326E63,0,1,1,4294967295,0,0
chegada,2528,2944,000AF712,0,1,1,4294967295,0,0
chegada,2496,2944,00379AEF,0,1,1,4294967295,0,0
chegada,2432,2976,00091A78,0,1,1,4294967295,0,0
chegada,2464,3040,002D9512,0,1,1,4294967295,0,0
chegada,2496,3040,00227AFC,0,1,1,4294967295,0,0
chegada,2528,3040,000D2E41,0,1,1,4294967295,0,0
chegada,2528,3072,00182342,0,1,1,4294967295,0,0
chegada,2560,3104,001CA08F,0,1,1,4294967295,0,0
chegada,2528,3104,0022A2A3,0,1,1,4294967295,0,0
chegada,2496,3104,0010B4FD,0,1,1,4294967295,0,0
chegada,2464,3104,0002FCCD,0,1,1,4294967295,0,0
chegada,2496,2912,002CC7C6,0,1,1,4294967295,0,0
chegada,2528,2912,0036302F,0,1,1,4294967295,0,0
chegada,2528,2944,00366A6C,0,1,1,4294967295,0,0
chegada,2528,2976,001C898C,0,1,1,4294967295,0,0
chegada,2528,3008,002BFCF4,0,1,1,4294967295,0,0
chegada,2528,3040,000B56B2,0,1,1,4294967295,0,0
chegada,2528,3072,001D55DF,0,1,1,4294967295,0,0
chegada,2496,3072,0002F9BD,0,1,1,4294967295,0,0
chegada,2528,3072,002A307F,0,1,1,4294967295,0,0
chegada,2560,3072,00340E11,0,1,1,4294967295,0,0
chegada,2592,3072,00166720,0,1,1,4294967295,0,0
chegada,2560,3040,001B459E,0,1,1,4294967295,0,0
chegada,2592,3040,0026131E,0,1,1,4294967295,0,0
chegada,2464,3040,000149FE,0,1,1,4294967295,0,0
chegada,2496,3040,00235EBA,0,1,1,4294967295,0,0
chegada,2464,3072,002BC1D2,0,1,1,4294967295,0,0
chegada,2496,3008,0025E085,0,1,1,4294967295,0,0
chegada,2464,3008,003D6FEE,0,1,1,4294967295,0,0
chegada,2464,2976,00382DE2,0,1,1,4294967295,0,0
chegada,2496,2976,003E8EE5,0,1,1,4294967295,0,0
chegada,2496,2944,002A9018,0,1,1,4294967295,0,0
chegada,2464,2944,0025319A,0,1,1,4294967295,0,0
chegada,2560,2944,0013F1F3,0,1,1,4294967295,0,0
chegada,2560,2944,003AE9CF,0,1,1,4294967295,0,0
chegada,2592,2944,003CB241,0,1,1,4294967295,0,0
chegada,2592,2976,0026A827,0,1,1,4294967295,0,0
chegada,2592,3008,001A1D9B,0,1,1,4294967295,0,0
chegada,2560,2976,003A9E37,0,1,1,4294967295,0,0
chegada,2560,2976,00217BDE,0,1,1,4294967295,0,0
chegada,2560,3008,00264101,0,1,1,4294967295,0,0
chegada,2368,3104,001F696D,0,1,1,4294967295,0,0
chegada,2336,3104,002D01B9,0,1,1,4294967295,0,0
chegada,2304,3104,001888DF,0,1,1,4294967295,0,0
chegada,2304,3072,002C2A41,0,1,1,4294967295,0,0
chegada,2336,3072,00360EA4,0,1,1,4294967295,0,0
chegada,2336,3040,002C05C7,0,1,1,4294967295,0,0
chegada,2336,3008,000E7634,0,1,1,4294967295,0,0
chegada,2336,2976,0021832E,0,1,1,4294967295,0,0
chegada,2336,2944,000C7A3C,0,1,1,4294967295,0,0
chegada,2368,2944,0034EB24,0,1,1,4294967295,0,0
chegada,2368,2912,0006667A,0,1,1,4294967295,0,0
chegada,2400,2880,0019F957,0,1,1,4294967295,0,0
chegada,2432,2880,0009005D,0,1,1,4294967295,0,0
chegada,2400,2912,00087169,0,1,1,4294967295,0,0
chegada,2400,2944,00078C69,0,1,1,4294967295,0,0
chegada,2368,2976,0033BFD4,0,1,1,4294967295,0,0
chegada,2368,3008,00150AEB,0,1,1,4294967295,0,0
chegada,2368,3040,00066EEB,0,1,1,4294967295,0,0
chegada,2368,3072,002E6D0D,0,1,1,4294967295,0,0
chegada,2400,3104,0028FEFB,0,1,1,4294967295,0,0
chegada,2368,2880,00234632,0,1,1,4294967295,0,0
chegada,2336,2880,00249BF5,0,1,1,4294967295,0,0
chegada,2336,2912,000FEFC5,0,1,1,4294967295,0,0
chegada,2304,3040,003F9ACA,0,1,1,4294967295,0,0
chegada,2304,3008,0005186F,0,1,1,4294967295,0,0
chegada,2304,2976,003726BB,0,1,1,4294967295,0,0
chegada,2304,2912,00304F68,0,1,1,4294967295,0,0
Player_Horse,768,192,000E5EC8,0,1,1,4294967295,0,0
Cavalier_OBJ2,416,0,00383E25,0,1,1,4294967295,0,0
Speed_Radar_Silesia,1088,320,000C653F,0,1,1,4294967295,0,0
Speed_Radar_Silesia,1984,800,0016D444,0,1,1,4294967295,0,0
Speed_Radar_Silesia,2080,1216,00283578,0,1,1,4294967295,0,0
Speed_Radar_Silesia,1344,1472,001F956C,0,1,1,4294967295,0,0
Speed_Radar_Silesia,768,1664,002F9177,0,1,1,4294967295,0,0
Speed_Radar_Silesia,1216,2400,002550F1,0,1,1,4294967295,0,0
