Mark_OBJ,480,384,00402FBB,0,1,1,4294967295,0,0
colizao,448,224,001E463F,0,1,1,4294967295,0,0
colizao,480,256,0016480D,0,1,1,4294967295,0,0
colizao,512,288,0035A5E0,0,1,1,4294967295,0,0
colizao,544,320,003266BD,0,1,1,4294967295,0,0
colizao,96,288,0008BA0B,0,1,1,4294967295,0,0
colizao,128,256,001C95D4,0,1,1,4294967295,0,0
colizao,160,224,002923B9,0,1,1,4294967295,0,0
colizao,192,224,0027175C,0,1,1,4294967295,0,0
colizao,224,224,001676B2,0,1,1,4294967295,0,0
colizao,256,224,002195EE,0,1,1,4294967295,0,0
colizao,288,224,00327A0A,0,1,1,4294967295,0,0
colizao,320,224,002ACB7D,0,1,1,4294967295,0,0
colizao,352,224,0002C72B,0,1,1,4294967295,0,0
colizao,384,224,00312788,0,1,1,4294967295,0,0
colizao,416,224,0025DDBB,0,1,1,4294967295,0,0
colizao,0,352,0011CB1B,0,1,1,4294967295,0,0
colizao,0,384,000CB96F,0,1,1,4294967295,0,0
colizao,0,416,002F2D8D,0,1,1,4294967295,0,0
colizao,0,448,003A2340,0,1,1,4294967295,0,0
colizao,32,416,002A1DC6,0,1,1,4294967295,0,0
colizao,32,384,00184CFA,0,1,1,4294967295,0,0
colizao,512,64,001EA0DF,0,1,1,4294967295,0,0
colizao,480,64,0035A22B,0,1,1,4294967295,0,0
colizao,480,32,001B5439,0,1,1,4294967295,0,0
colizao,448,32,000004C5,0,1,1,4294967295,0,0
colizao,416,32,001393C5,0,1,1,4294967295,0,0
colizao,416,64,0035725D,0,1,1,4294967295,0,0
colizao,384,64,0003A14D,0,1,1,4294967295,0,0
colizao,384,64,000CB3DE,0,1,1,4294967295,0,0
colizao,352,64,00238368,0,1,1,4294967295,0,0
colizao,320,64,002AC956,0,1,1,4294967295,0,0
colizao,288,64,00292D3A,0,1,1,4294967295,0,0
colizao,256,64,0018DE5D,0,1,1,4294967295,0,0
colizao,224,64,0036D6FA,0,1,1,4294967295,0,0
colizao,192,64,003FE9C8,0,1,1,4294967295,0,0
colizao,384,192,002BAA64,0,1,1,4294967295,0,0
colizao,352,192,0039DD0A,0,1,1,4294967295,0,0
colizao,320,192,002F0D49,0,1,1,4294967295,0,0
colizao,288,192,002166C6,0,1,1,4294967295,0,0
colizao,256,192,0033F2F7,0,1,1,4294967295,0,0
colizao,224,192,00129313,0,1,1,4294967295,0,0
player,416,128,00245470,0,1,1,4294967295,0,0
TP_NEON_CASTELIA_CITY,448,64,003E27AF,0,1,1,4294967295,0,0
Armario_OBJ,192,288,0028409F,0,1,1,4294967295,0,0
TP_EVA_Emblem_Hangar,288,96,000A4FC5,0,1,1,4294967295,0,0
TP_EVA_Emblem_Hangar,320,96,000CC9DB,0,1,1,4294967295,0,0
colizao,160,64,0017B5B8,0,1,1,4294967295,0,0
colizao,128,96,000378E4,0,1,1,4294967295,0,0
colizao,96,96,002A2162,0,1,1,4294967295,0,0
colizao,64,128,0031F049,0,1,1,4294967295,0,0
colizao,32,128,001907FB,0,1,1,4294967295,0,0
colizao,0,128,003957E6,0,1,1,4294967295,0,0
colizao,576,96,003B9E72,0,1,1,4294967295,0,0
colizao,608,96,0024C802,0,1,1,4294967295,0,0
colizao,544,96,002B3D53,0,1,1,4294967295,0,0
