colizao,0,352,00185692,0,1,1,4294967295,0,0
colizao,0,320,0034A752,0,1,1,4294967295,0,0
colizao,0,288,00074273,0,1,1,4294967295,0,0
colizao,0,256,001EBCF4,0,1,1,4294967295,0,0
colizao,32,160,000F0ACD,0,1,1,4294967295,0,0
colizao,64,160,0009DA8D,0,1,1,4294967295,0,0
colizao,96,160,000A76C5,0,1,1,4294967295,0,0
colizao,160,160,00058E38,0,1,1,4294967295,0,0
colizao,128,160,001908BE,0,1,1,4294967295,0,0
colizao,192,160,000654D9,0,1,1,4294967295,0,0
colizao,256,192,002DC66F,0,1,1,4294967295,0,0
colizao,224,192,0037B56D,0,1,1,4294967295,0,0
colizao,704,320,0002C99D,0,1,1,4294967295,0,0
colizao,704,352,0003A4BF,0,1,1,4294967295,0,0
colizao,704,384,0024A72B,0,1,1,4294967295,0,0
colizao,704,416,002767E6,0,1,1,4294967295,0,0
colizao,672,448,002A2350,0,1,1,4294967295,0,0
colizao,640,448,00218BE6,0,1,1,4294967295,0,0
colizao,608,448,003BF1D5,0,1,1,4294967295,0,0
colizao,576,448,002BB27A,0,1,1,4294967295,0,0
colizao,512,448,00288A49,0,1,1,4294967295,0,0
colizao,544,448,001BFC73,0,1,1,4294967295,0,0
colizao,480,448,0036442D,0,1,1,4294967295,0,0
colizao,448,448,002F4476,0,1,1,4294967295,0,0
colizao,416,448,0011C3F3,0,1,1,4294967295,0,0
colizao,384,448,003AAF3D,0,1,1,4294967295,0,0
colizao,320,448,0021A622,0,1,1,4294967295,0,0
colizao,256,448,003495FF,0,1,1,4294967295,0,0
colizao,352,448,001157C9,0,1,1,4294967295,0,0
colizao,288,448,00212BD0,0,1,1,4294967295,0,0
colizao,224,448,001A0C37,0,1,1,4294967295,0,0
colizao,128,448,003FB249,0,1,1,4294967295,0,0
colizao,192,448,00078FEE,0,1,1,4294967295,0,0
colizao,160,448,001F6AD6,0,1,1,4294967295,0,0
colizao,96,448,0000DDB3,0,1,1,4294967295,0,0
colizao,64,448,00091496,0,1,1,4294967295,0,0
colizao,32,448,001614F8,0,1,1,4294967295,0,0
colizao,0,416,0028A95F,0,1,1,4294967295,0,0
colizao,0,384,00016F62,0,1,1,4294967295,0,0
colizao,0,224,002E7F29,0,1,1,4294967295,0,0
colizao,0,192,0018E661,0,1,1,4294967295,0,0
player_RE3,128,352,002F9AB1,0,1,1,4294967295,0,0
TP_Fergus_corredor1_RE3,32,192,00076110,0,1,1,4294967295,0,0
TP_Fergus_corredor1_RE3,64,192,001F7D8A,0,1,1,4294967295,0,0
TP_Fergus_corredor1_RE3,96,192,001CFDD1,0,1,1,4294967295,0,0
TP_Fergus_corredor1_RE3,128,192,00310F28,0,1,1,4294967295,0,0
TP_Fergus_corredor1_RE3,160,192,0020113D,0,1,1,4294967295,0,0
TP_Fergus_corredor1_RE3,192,192,0020C64E,0,1,1,4294967295,0,0
colizao,288,224,0031CA3B,0,1,1,4294967295,0,0
colizao,320,224,00082E6A,0,1,1,4294967295,0,0
colizao,352,256,000C3900,0,1,1,4294967295,0,0
colizao,384,256,00013CF4,0,1,1,4294967295,0,0
colizao,416,288,0004FF28,0,1,1,4294967295,0,0
colizao,448,288,003893C6,0,1,1,4294967295,0,0
colizao,480,288,001B075D,0,1,1,4294967295,0,0
colizao,544,288,0039F616,0,1,1,4294967295,0,0
colizao,512,288,0009ACC9,0,1,1,4294967295,0,0
colizao,576,288,00255B9F,0,1,1,4294967295,0,0
colizao,608,288,003243DF,0,1,1,4294967295,0,0
colizao,640,288,00365FE6,0,1,1,4294967295,0,0
colizao,672,288,003536B7,0,1,1,4294967295,0,0
gatilho_Nami_gemido,352,288,00072E51,0,1,1,4294967295,0,0
gatilho_Nami_gemido,320,320,003E1235,0,1,1,4294967295,0,0
gatilho_Nami_gemido,288,352,001EA464,0,1,1,4294967295,0,0
gatilho_Nami_gemido,256,384,00357F5D,0,1,1,4294967295,0,0
gatilho_Nami_gemido,224,416,00351EF2,0,1,1,4294967295,0,0
