colizao,192,128,002AD0FA,0,1,1,4294967295,0,0
colizao,224,96,001A4F22,0,1,1,4294967295,0,0
colizao,256,96,002987B9,0,1,1,4294967295,0,0
colizao,288,96,00399B8F,0,1,1,4294967295,0,0
colizao,288,128,000276D7,0,1,1,4294967295,0,0
Hatsune_Miku_OBJ,352,224,0010C2DD,0,1,1,4294967295,0,0
player,256,256,001D01DE,0,1,1,4294967295,0,0
colizao,576,128,00297347,0,1,1,4294967295,0,0
colizao,544,128,00141103,0,1,1,4294967295,0,0
colizao,512,128,0037CC69,0,1,1,4294967295,0,0
colizao,480,128,0026C54C,0,1,1,4294967295,0,0
colizao,448,128,0026E78D,0,1,1,4294967295,0,0
colizao,416,128,000F5D70,0,1,1,4294967295,0,0
colizao,384,128,002EC137,0,1,1,4294967295,0,0
colizao,352,128,0001C73C,0,1,1,4294967295,0,0
colizao,320,128,00189335,0,1,1,4294967295,0,0
colizao,160,128,001E3A92,0,1,1,4294967295,0,0
colizao,128,128,003EEDD6,0,1,1,4294967295,0,0
colizao,96,128,00262FBB,0,1,1,4294967295,0,0
colizao,64,128,003A8F7E,0,1,1,4294967295,0,0
colizao,32,128,0018062C,0,1,1,4294967295,0,0
colizao,0,128,002B91E3,0,1,1,4294967295,0,0
Hatsune estatua,96,96,001A039A,0,1,1,4294967295,0,0
TP_NEON_CASTELIA_CITY,0,160,0026160F,0,1,1,4294967295,0,0
TP_NEON_CASTELIA_CITY,0,192,0009C828,0,1,1,4294967295,0,0
TP_NEON_CASTELIA_CITY,0,224,0024CDFA,0,1,1,4294967295,0,0
TP_NEON_CASTELIA_CITY,0,256,00286953,0,1,1,4294967295,0,0
TP_FERGUS,576,160,0009A419,0,1,1,4294967295,0,0
TP_FERGUS,576,192,00240151,0,1,1,4294967295,0,0
TP_FERGUS,576,224,00387304,0,1,1,4294967295,0,0
TP_FERGUS,576,256,00135F3B,0,1,1,4294967295,0,0
TP_MIKUBYL,224,128,00142B5D,0,1,1,4294967295,0,0
TP_MIKUBYL,256,128,00314516,0,1,1,4294967295,0,0
Nami_Burglar,160,192,0031DD59,0,1,1,4294967295,0,0
