colizao,32,352,000D2147,0,1,1,4294967295,0,0
colizao,64,320,00006C4C,0,1,1,4294967295,0,0
colizao,64,288,000E1643,0,1,1,4294967295,0,0
colizao,64,256,002E1353,0,1,1,4294967295,0,0
colizao,64,224,00320D8D,0,1,1,4294967295,0,0
colizao,96,224,000D2796,0,1,1,4294967295,0,0
colizao,160,224,001A495B,0,1,1,4294967295,0,0
colizao,128,224,0020C429,0,1,1,4294967295,0,0
colizao,192,224,000CA769,0,1,1,4294967295,0,0
colizao,224,224,002EE8EF,0,1,1,4294967295,0,0
colizao,256,224,00029AC1,0,1,1,4294967295,0,0
colizao,288,224,00380FAE,0,1,1,4294967295,0,0
colizao,320,256,003A3255,0,1,1,4294967295,0,0
colizao,352,256,00080858,0,1,1,4294967295,0,0
colizao,384,224,00086194,0,1,1,4294967295,0,0
colizao,416,224,0009421F,0,1,1,4294967295,0,0
colizao,448,256,00294851,0,1,1,4294967295,0,0
colizao,480,288,00014363,0,1,1,4294967295,0,0
colizao,512,288,00117879,0,1,1,4294967295,0,0
colizao,544,288,00117A0E,0,1,1,4294967295,0,0
colizao,640,320,0032D7C1,0,1,1,4294967295,0,0
colizao,672,320,0015A89F,0,1,1,4294967295,0,0
colizao,704,320,00372C06,0,1,1,4294967295,0,0
colizao,608,320,00378944,0,1,1,4294967295,0,0
colizao,576,320,001629C1,0,1,1,4294967295,0,0
colizao,736,352,002384DC,0,1,1,4294967295,0,0
colizao,736,384,00246545,0,1,1,4294967295,0,0
colizao,736,416,0022B070,0,1,1,4294967295,0,0
colizao,704,448,0015E6FE,0,1,1,4294967295,0,0
colizao,672,448,001371B2,0,1,1,4294967295,0,0
colizao,608,448,0025479F,0,1,1,4294967295,0,0
colizao,576,448,003FED9B,0,1,1,4294967295,0,0
colizao,640,448,0038189B,0,1,1,4294967295,0,0
colizao,512,448,0038F44A,0,1,1,4294967295,0,0
colizao,544,448,0012FBD2,0,1,1,4294967295,0,0
colizao,480,448,001D21CC,0,1,1,4294967295,0,0
colizao,416,448,0002C407,0,1,1,4294967295,0,0
colizao,448,448,001DA7ED,0,1,1,4294967295,0,0
colizao,352,448,001F21D4,0,1,1,4294967295,0,0
colizao,384,448,001BC0CA,0,1,1,4294967295,0,0
colizao,288,448,001DB3E7,0,1,1,4294967295,0,0
colizao,320,448,003F022A,0,1,1,4294967295,0,0
colizao,224,448,000A0ED4,0,1,1,4294967295,0,0
colizao,256,448,003F1730,0,1,1,4294967295,0,0
colizao,192,448,0009F33E,0,1,1,4294967295,0,0
colizao,160,448,000A363B,0,1,1,4294967295,0,0
colizao,128,448,00269DF7,0,1,1,4294967295,0,0
colizao,96,448,0035BFF3,0,1,1,4294967295,0,0
colizao,64,448,003F403D,0,1,1,4294967295,0,0
colizao,32,448,00020D40,0,1,1,4294967295,0,0
colizao,0,416,001605D8,0,1,1,4294967295,0,0
colizao,0,384,0008A28A,0,1,1,4294967295,0,0
crafting_table,608,224,003D0B3A,0,1,1,4294967295,0,0
crafting_table,640,224,0038F659,0,1,1,4294967295,0,0
crafting_table,672,224,000003A6,0,1,1,4294967295,0,0
crafting_table,640,160,00290DAF,0,1,1,4294967295,0,0
crafting_table,608,160,003E9410,0,1,1,4294967295,0,0
crafting_table,608,192,0027EBD5,0,1,1,4294967295,0,0
crafting_table,640,160,0011AA16,0,1,1,4294967295,0,0
crafting_table,672,160,002823E9,0,1,1,4294967295,0,0
crafting_table,640,160,0001D3F4,0,1,1,4294967295,0,0
crafting_table,640,160,00358A58,0,1,1,4294967295,0,0
crafting_table,672,192,0023EC99,0,1,1,4294967295,0,0
crafting_table,640,192,0037332F,0,1,1,4294967295,0,0
crafting_table,608,224,002E64B7,0,1,1,4294967295,0,0
carbono,480,192,000AE774,0,1,1,4294967295,0,0
player_RE3,256,384,0039AAF3,0,1,1,4294967295,0,0
TP_Fergus_corredor2_RE3,96,256,0015FEA8,0,1,1,4294967295,0,0
TP_Fergus_corredor2_RE3,128,256,002C7F0B,0,1,1,4294967295,0,0
TP_Fergus_corredor2_RE3,160,256,00306113,0,1,1,4294967295,0,0
TP_Fergus_corredor2_RE3,224,256,00124633,0,1,1,4294967295,0,0
TP_Fergus_corredor2_RE3,192,256,002F46FD,0,1,1,4294967295,0,0
TP_Fergus_corredor2_RE3,288,256,001BA217,0,1,1,4294967295,0,0
TP_Fergus_corredor2_RE3,256,256,002DD962,0,1,1,4294967295,0,0
Chemistry_Manual_obj,576,224,0022550C,0,1,1,4294967295,0,0
