controlador_usina_mikubyl,288,96,000BBC94,0,1,1,4294967295,0,0
EXIT_MIKUBYL,608,288,00009023,0,1,1,4294967295,0,0
EXIT_MIKUBYL,640,256,0011BDB3,0,1,1,4294967295,0,0
EXIT_MIKUBYL,672,288,002CC776,0,1,1,4294967295,0,0
EXIT_MIKUBYL,640,288,001F2C3D,0,1,1,4294967295,0,0
EXIT_MIKUBYL,608,256,001AD0AF,0,1,1,4294967295,0,0
EXIT_MIKUBYL,608,224,0006B88F,0,1,1,4294967295,0,0
EXIT_MIKUBYL,640,224,0012B01A,0,1,1,4294967295,0,0
EXIT_MIKUBYL,672,224,001395EE,0,1,1,4294967295,0,0
EXIT_MIKUBYL,672,256,002EA981,0,1,1,4294967295,0,0
obj_btn_up,736,400,00214BAD,0,1,1,4294967295,0,0
obj_btn_down,736,480,0033986C,0,1,1,4294967295,0,0
obj_btn_space,720,528,0024C45E,0,1,1,4294967295,0,0
obj_btn_space,752,528,00011CF2,0,1,1,4294967295,0,0
obj_btn_space,752,560,0035A6DD,0,1,1,4294967295,0,0
obj_btn_space,720,560,000707A4,0,1,1,4294967295,0,0
