colizao,0,408,002F50DD,0,1,1,4294967295,0,0
colizao,32,408,0020A921,0,1,1,4294967295,0,0
colizao,64,408,00330FB8,0,1,1,4294967295,0,0
colizao,96,408,001D8927,0,1,1,4294967295,0,0
colizao,128,408,002E2A62,0,1,1,4294967295,0,0
colizao,160,408,002FFF4B,0,1,1,4294967295,0,0
colizao,192,408,000A66E6,0,1,1,4294967295,0,0
colizao,224,408,00360340,0,1,1,4294967295,0,0
colizao,256,408,002C9B84,0,1,1,4294967295,0,0
colizao,288,408,0030AAAF,0,1,1,4294967295,0,0
colizao,320,408,002F32A7,0,1,1,4294967295,0,0
colizao,352,408,00279429,0,1,1,4294967295,0,0
colizao,384,408,002CB1C0,0,1,1,4294967295,0,0
colizao,416,408,000B1500,0,1,1,4294967295,0,0
colizao,448,408,003307D1,0,1,1,4294967295,0,0
colizao,480,408,00222D3F,0,1,1,4294967295,0,0
colizao,512,408,00383F8D,0,1,1,4294967295,0,0
colizao,544,408,002824C9,0,1,1,4294967295,0,0
colizao,576,408,0025EC0C,0,1,1,4294967295,0,0
colizao,608,408,000215A3,0,1,1,4294967295,0,0
colizao,640,408,000C8149,0,1,1,4294967295,0,0
colizao,672,408,0017CB30,0,1,1,4294967295,0,0
colizao,704,408,001A1645,0,1,1,4294967295,0,0
colizao,736,408,001239EB,0,1,1,4294967295,0,0
colizao,768,408,003EB689,0,1,1,4294967295,0,0
colizao,800,408,000F4D4D,0,1,1,4294967295,0,0
colizao,832,408,000EF241,0,1,1,4294967295,0,0
colizao,864,408,000E9856,0,1,1,4294967295,0,0
colizao,896,408,00277309,0,1,1,4294967295,0,0
colizao,928,408,00188A62,0,1,1,4294967295,0,0
colizao,960,408,001E3DF1,0,1,1,4294967295,0,0
colizao,992,408,003204A6,0,1,1,4294967295,0,0
colizao,1024,408,0040350B,0,1,1,4294967295,0,0
colizao,1056,408,0024CFD9,0,1,1,4294967295,0,0
colizao,1088,408,001551E1,0,1,1,4294967295,0,0
colizao,1120,408,00219AB5,0,1,1,4294967295,0,0
colizao,1152,408,001C6587,0,1,1,4294967295,0,0
colizao,1184,408,00011B2F,0,1,1,4294967295,0,0
colizao,1216,408,00378506,0,1,1,4294967295,0,0
colizao,1248,408,0021CE20,0,1,1,4294967295,0,0
colizao,1280,408,0009BB8C,0,1,1,4294967295,0,0
colizao,1312,408,003BF94C,0,1,1,4294967295,0,0
colizao,1344,408,00315BF1,0,1,1,4294967295,0,0
colizao,1376,408,0007029C,0,1,1,4294967295,0,0
colizao,1408,408,002417E3,0,1,1,4294967295,0,0
colizao,1440,408,0017AB12,0,1,1,4294967295,0,0
colizao,1472,408,001BD4FD,0,1,1,4294967295,0,0
colizao,1504,408,002D7770,0,1,1,4294967295,0,0
colizao,1536,408,00035C73,0,1,1,4294967295,0,0
colizao,1568,408,00402A5C,0,1,1,4294967295,0,0
colizao,1600,408,003715FF,0,1,1,4294967295,0,0
colizao,1632,408,000A9584,0,1,1,4294967295,0,0
colizao,1664,408,00379736,0,1,1,4294967295,0,0
colizao,1696,408,0038DAD0,0,1,1,4294967295,0,0
colizao,1728,408,00184CF0,0,1,1,4294967295,0,0
colizao,1768,408,0004F4CA,0,1,1,4294967295,0,0
colizao,1760,408,00105B0D,0,1,1,4294967295,0,0
ENGAGE_CENTER,1480,504,001B9B79,0,1,1,4294967295,0,0
TP_LUNATIC_CORP,1760,472,0018E474,0,1,1,4294967295,0,0
TP_LUNATIC_CORP,1760,504,0002C710,0,1,1,4294967295,0,0
TP_LUNATIC_CORP,1760,536,000B995F,0,1,1,4294967295,0,0
TP_LUNATIC_CORP,1760,568,0000CC42,0,1,1,4294967295,0,0
TP_LUNATIC_CORP,1760,600,001C90B8,0,1,1,4294967295,0,0
TP_LUNATIC_CORP,1760,632,003BD939,0,1,1,4294967295,0,0
TP_LUNATIC_CORP,1760,664,00050F00,0,1,1,4294967295,0,0
TP_LUNATIC_CORP,1760,696,000290A3,0,1,1,4294967295,0,0
TP_LUNATIC_CORP,1760,728,001E2783,0,1,1,4294967295,0,0
TP_LUNATIC_CORP,1760,760,002181E2,0,1,1,4294967295,0,0
TP_NOOBFIELD_EXTERIOR,8,456,00210D02,0,1,1,4294967295,0,0
TP_NOOBFIELD_EXTERIOR,8,488,0019772D,0,1,1,4294967295,0,0
TP_NOOBFIELD_EXTERIOR,8,528,003BB8B8,0,1,1,4294967295,0,0
TP_NOOBFIELD_EXTERIOR,8,560,0008B38E,0,1,1,4294967295,0,0
TP_NOOBFIELD_EXTERIOR,8,592,0030DE32,0,1,1,4294967295,0,0
TP_NOOBFIELD_EXTERIOR,8,624,0021DE93,0,1,1,4294967295,0,0
TP_NOOBFIELD_EXTERIOR,8,656,000CABDC,0,1,1,4294967295,0,0
TP_NOOBFIELD_EXTERIOR,8,688,0006FF22,0,1,1,4294967295,0,0
TP_NOOBFIELD_EXTERIOR,8,720,0026AB52,0,1,1,4294967295,0,0
TP_NOOBFIELD_EXTERIOR,8,752,00293AD4,0,1,1,4294967295,0,0
player,1440,600,0020157A,0,1,1,4294967295,0,0
Predio_Castelia_City,1040,600,000E0981,0,1,1,4294967295,0,0
PredioCasteliaCity_x0_7,288,440,003A573A,0,1,1,4294967295,0,0
predioCasteliaCity_x0_5,776,448,00315079,0,1,1,4294967295,0,0
Predio_Castelia_City,304,616,000803C2,0,1,1,4294967295,0,0
colizao,744,488,001B27AA,0,1,1,4294967295,0,0
colizao,776,488,0031B4DA,0,1,1,4294967295,0,0
colizao,248,736,00293BCA,0,1,1,4294967295,0,0
colizao,280,736,0034DBA6,0,1,1,4294967295,0,0
colizao,312,736,0021BD93,0,1,1,4294967295,0,0
colizao,344,736,00119FC2,0,1,1,4294967295,0,0
colizao,984,720,002B54D8,0,1,1,4294967295,0,0
colizao,1016,720,00236C42,0,1,1,4294967295,0,0
colizao,1048,720,0027E520,0,1,1,4294967295,0,0
colizao,1080,720,0008872C,0,1,1,4294967295,0,0
Sakura_tree,656,432,001DF445,0,1,1,4294967295,0,0
Cavalo,1624,616,0000ADF8,0,1,1,4294967295,0,0
Cavalo,112,760,001BD5A5,0,1,1,4294967295,0,0
Nami,1248,600,0036223B,0,1,1,4294967295,0,0
Nami,568,712,0027B3ED,0,1,1,4294967295,0,0
Nami,456,512,0027ECA5,0,1,1,4294967295,0,0
obj_Nami_work,640,464,0039FCBB,0,1,1,4294967295,0,0
obj_Nami_work,224,688,0002F713,0,1,1,4294967295,0,0
obj_Nami_work,1312,528,00343477,0,1,1,4294967295,0,0
obj_Nami_work,752,672,00384D1E,0,1,1,4294967295,0,0
obj_Nami_work,1168,480,0028B6B2,0,1,1,4294967295,0,0
obj_Nami_work,400,496,000E147B,0,1,1,4294967295,0,0
obj_social_hub,536,448,001A26C0,0,1,1,4294967295,0,0
obj_social_hub,880,440,000F3F85,0,1,1,4294967295,0,0
Leaf_Enemy,648,528,0004405F,0,1,1,4294967295,0,0
