ENGAGESITE_Link,0,256,00071DCE,0,1,1,4294967295,0,0
ENGAGESITE_Link,0,288,00304B1D,0,1,1,4294967295,0,0
ENGAGESITE_Link,0,320,000559E8,0,1,1,4294967295,0,0
ENGAGESITE_Link,0,352,0008637E,0,1,1,4294967295,0,0
ENGAGESITE_Link,0,384,00112013,0,1,1,4294967295,0,0
ENGAGESITE_Link,0,416,0020769B,0,1,1,4294967295,0,0
ENGAGESITE_Link,384,416,0003091C,0,1,1,4294967295,0,0
ENGAGESITE_Link,384,384,0021A8D2,0,1,1,4294967295,0,0
ENGAGESITE_Link,384,352,000541BB,0,1,1,4294967295,0,0
ENGAGESITE_Link,384,320,0030084B,0,1,1,4294967295,0,0
ENGAGESITE_Link,384,288,002B14AF,0,1,1,4294967295,0,0
ENGAGESITE_Link,384,256,00280D05,0,1,1,4294967295,0,0
ENGAGESITE_Link,0,448,000812A4,0,1,1,4294967295,0,0
ENGAGESITE_Link,384,448,0034B070,0,1,1,4294967295,0,0
Camera_Cursor,768,0,0039DA75,0,1,1,4294967295,0,0
Sair_MIKUNET,725,1129,000743AE,0,1,1,4294967295,0,0
