colizao,32,352,002ECD0E,0,1,1,4294967295,0,0
colizao,64,320,0035263F,0,1,1,4294967295,0,0
colizao,64,288,00372FE8,0,1,1,4294967295,0,0
colizao,64,256,00110E65,0,1,1,4294967295,0,0
colizao,64,224,00259AC9,0,1,1,4294967295,0,0
colizao,96,224,00055033,0,1,1,4294967295,0,0
colizao,160,224,002B33D6,0,1,1,4294967295,0,0
colizao,128,224,0019A673,0,1,1,4294967295,0,0
colizao,192,224,0023689D,0,1,1,4294967295,0,0
colizao,224,224,000F444C,0,1,1,4294967295,0,0
colizao,256,224,001149F8,0,1,1,4294967295,0,0
colizao,288,224,001E18CB,0,1,1,4294967295,0,0
colizao,320,256,000B8814,0,1,1,4294967295,0,0
colizao,352,256,00057FBB,0,1,1,4294967295,0,0
colizao,384,224,001FDD2B,0,1,1,4294967295,0,0
colizao,416,224,0035A242,0,1,1,4294967295,0,0
colizao,448,256,002B29DB,0,1,1,4294967295,0,0
colizao,480,288,00165720,0,1,1,4294967295,0,0
colizao,512,288,001291F3,0,1,1,4294967295,0,0
colizao,544,288,002631D1,0,1,1,4294967295,0,0
colizao,640,320,00152EE7,0,1,1,4294967295,0,0
colizao,672,320,00187DAE,0,1,1,4294967295,0,0
colizao,704,320,001A9173,0,1,1,4294967295,0,0
colizao,608,320,000D6005,0,1,1,4294967295,0,0
colizao,576,320,0018F16E,0,1,1,4294967295,0,0
colizao,736,352,003181DB,0,1,1,4294967295,0,0
colizao,736,384,00268B3A,0,1,1,4294967295,0,0
colizao,736,416,00081778,0,1,1,4294967295,0,0
colizao,704,448,00354FF4,0,1,1,4294967295,0,0
colizao,672,448,00362E59,0,1,1,4294967295,0,0
colizao,608,448,00144B93,0,1,1,4294967295,0,0
colizao,576,448,0025611A,0,1,1,4294967295,0,0
colizao,640,448,0002DBF6,0,1,1,4294967295,0,0
colizao,512,448,001A69DD,0,1,1,4294967295,0,0
colizao,544,448,002A31F7,0,1,1,4294967295,0,0
colizao,480,448,003EE321,0,1,1,4294967295,0,0
colizao,416,448,001CC36B,0,1,1,4294967295,0,0
colizao,448,448,00120EBF,0,1,1,4294967295,0,0
colizao,352,448,00057ED6,0,1,1,4294967295,0,0
colizao,384,448,00228A7F,0,1,1,4294967295,0,0
colizao,288,448,0019F51D,0,1,1,4294967295,0,0
colizao,320,448,00156435,0,1,1,4294967295,0,0
colizao,224,448,0000F284,0,1,1,4294967295,0,0
colizao,256,448,00085946,0,1,1,4294967295,0,0
colizao,192,448,00053B1C,0,1,1,4294967295,0,0
colizao,160,448,000DA2F9,0,1,1,4294967295,0,0
colizao,128,448,001D346A,0,1,1,4294967295,0,0
colizao,96,448,001DFFD5,0,1,1,4294967295,0,0
colizao,64,448,00055FC2,0,1,1,4294967295,0,0
colizao,32,448,003C0B46,0,1,1,4294967295,0,0
colizao,0,416,000E10CC,0,1,1,4294967295,0,0
colizao,0,384,00043624,0,1,1,4294967295,0,0
crafting_table,608,224,003EA2A2,0,1,1,4294967295,0,0
crafting_table,640,224,003CBD7B,0,1,1,4294967295,0,0
crafting_table,672,224,001B3266,0,1,1,4294967295,0,0
crafting_table,640,160,002AFB26,0,1,1,4294967295,0,0
crafting_table,608,160,00037868,0,1,1,4294967295,0,0
crafting_table,608,192,001C3295,0,1,1,4294967295,0,0
crafting_table,640,160,00104238,0,1,1,4294967295,0,0
crafting_table,672,160,00021AE2,0,1,1,4294967295,0,0
crafting_table,640,160,003FF4A3,0,1,1,4294967295,0,0
crafting_table,640,160,003EB3CF,0,1,1,4294967295,0,0
crafting_table,672,192,000FB199,0,1,1,4294967295,0,0
crafting_table,640,192,0010DEE4,0,1,1,4294967295,0,0
crafting_table,608,224,000CBEA9,0,1,1,4294967295,0,0
carbono,480,192,002CE6BF,0,1,1,4294967295,0,0
player_RE3,256,384,0023AD63,0,1,1,4294967295,0,0
TP_Fergus_corredor2_RE3,96,256,00071134,0,1,1,4294967295,0,0
TP_Fergus_corredor2_RE3,128,256,003EE179,0,1,1,4294967295,0,0
TP_Fergus_corredor2_RE3,160,256,002CC877,0,1,1,4294967295,0,0
TP_Fergus_corredor2_RE3,224,256,003E1CEC,0,1,1,4294967295,0,0
TP_Fergus_corredor2_RE3,192,256,003AA0F2,0,1,1,4294967295,0,0
TP_Fergus_corredor2_RE3,288,256,003C2991,0,1,1,4294967295,0,0
TP_Fergus_corredor2_RE3,256,256,0013DFEC,0,1,1,4294967295,0,0
Chemistry_Manual_obj,576,224,00261C60,0,1,1,4294967295,0,0
