colizao,128,320,001D2292,0,1,1,4294967295,0,0
colizao,128,352,001968E5,0,1,1,4294967295,0,0
colizao,160,384,00178E03,0,1,1,4294967295,0,0
colizao,192,384,001975FE,0,1,1,4294967295,0,0
colizao,224,384,0000B54B,0,1,1,4294967295,0,0
colizao,256,384,002A0204,0,1,1,4294967295,0,0
colizao,288,384,0008426B,0,1,1,4294967295,0,0
colizao,320,384,000BA806,0,1,1,4294967295,0,0
colizao,352,384,003AAB9D,0,1,1,4294967295,0,0
colizao,384,384,0022DF32,0,1,1,4294967295,0,0
colizao,416,384,003FA58E,0,1,1,4294967295,0,0
colizao,448,384,00096AB7,0,1,1,4294967295,0,0
colizao,480,384,003927AB,0,1,1,4294967295,0,0
colizao,512,384,0020B47E,0,1,1,4294967295,0,0
colizao,544,384,0039B469,0,1,1,4294967295,0,0
colizao,576,384,0015EEB4,0,1,1,4294967295,0,0
colizao,608,384,00220108,0,1,1,4294967295,0,0
colizao,640,384,003CFD2D,0,1,1,4294967295,0,0
colizao,672,384,00367CB3,0,1,1,4294967295,0,0
colizao,704,384,0024A158,0,1,1,4294967295,0,0
colizao,704,352,002DEBE0,0,1,1,4294967295,0,0
colizao,704,320,0014CF9B,0,1,1,4294967295,0,0
colizao,704,288,00099036,0,1,1,4294967295,0,0
colizao,704,256,0008FDB1,0,1,1,4294967295,0,0
colizao,704,224,00235379,0,1,1,4294967295,0,0
colizao,704,192,002F984B,0,1,1,4294967295,0,0
colizao,704,160,0000DD43,0,1,1,4294967295,0,0
colizao,704,128,00106B16,0,1,1,4294967295,0,0
colizao,672,96,00213B7B,0,1,1,4294967295,0,0
colizao,640,64,002B0AE7,0,1,1,4294967295,0,0
colizao,608,64,0035D2AD,0,1,1,4294967295,0,0
colizao,576,64,0036DD54,0,1,1,4294967295,0,0
colizao,544,96,003659EB,0,1,1,4294967295,0,0
colizao,512,64,002E8B78,0,1,1,4294967295,0,0
colizao,96,288,0031F0D3,0,1,1,4294967295,0,0
colizao,96,256,003BBF0A,0,1,1,4294967295,0,0
colizao,96,224,0014E134,0,1,1,4294967295,0,0
colizao,192,192,002AF304,0,1,1,4294967295,0,0
colizao,224,192,001F240F,0,1,1,4294967295,0,0
colizao,256,192,0029ABFD,0,1,1,4294967295,0,0
colizao,288,160,00033B9C,0,1,1,4294967295,0,0
colizao,320,160,00052A0E,0,1,1,4294967295,0,0
colizao,352,128,000704BA,0,1,1,4294967295,0,0
colizao,384,128,0032BC50,0,1,1,4294967295,0,0
colizao,416,96,0035909E,0,1,1,4294967295,0,0
colizao,448,64,0015F21E,0,1,1,4294967295,0,0
colizao,480,64,003B72DB,0,1,1,4294967295,0,0
colizao,160,192,00149999,0,1,1,4294967295,0,0
colizao,128,192,0010C117,0,1,1,4294967295,0,0
TP_Fergus_corredor3,576,96,0037E2D7,0,1,1,4294967295,0,0
TP_Fergus_corredor3,640,96,000C5CDE,0,1,1,4294967295,0,0
TP_Fergus_corredor3,608,96,00099ED1,0,1,1,4294967295,0,0
TP_Fergus_corredor3,672,128,0028FFBF,0,1,1,4294967295,0,0
player_RE2,320,288,0031BB89,0,1,1,4294967295,0,0
TP_Fergus_corredor2,416,128,000788B5,0,1,1,4294967295,0,0
TP_Fergus_corredor2,480,96,0016745D,0,1,1,4294967295,0,0
TP_Fergus_corredor2,512,96,00135144,0,1,1,4294967295,0,0
TP_Fergus_corredor2,448,96,0016795E,0,1,1,4294967295,0,0
TP_FERGUS_INDUSTRIES_RE2,128,224,0000B8F0,0,1,1,4294967295,0,0
TP_FERGUS_INDUSTRIES_RE2,128,256,0019D4A3,0,1,1,4294967295,0,0
TP_FERGUS_INDUSTRIES_RE2,128,288,0001D71D,0,1,1,4294967295,0,0
TP_FERGUS_INDUSTRIES_RE2,160,224,00058B2F,0,1,1,4294967295,0,0
