player_RE1,512,352,003FCD03,0,1,1,4294967295,0,0
colizao,416,576,001553EE,0,1,1,4294967295,0,0
colizao,416,544,00012657,0,1,1,4294967295,0,0
colizao,416,512,00260F83,0,1,1,4294967295,0,0
colizao,416,480,001A0758,0,1,1,4294967295,0,0
colizao,384,448,0022D976,0,1,1,4294967295,0,0
colizao,352,448,002AD5F1,0,1,1,4294967295,0,0
colizao,352,416,0005D56E,0,1,1,4294967295,0,0
colizao,352,384,0022C7E0,0,1,1,4294967295,0,0
colizao,384,352,001001BA,0,1,1,4294967295,0,0
colizao,384,320,0018FD8B,0,1,1,4294967295,0,0
colizao,384,288,003BD8BC,0,1,1,4294967295,0,0
colizao,416,288,0014DF6F,0,1,1,4294967295,0,0
colizao,448,288,00120A00,0,1,1,4294967295,0,0
colizao,480,288,00080608,0,1,1,4294967295,0,0
colizao,544,288,0023A999,0,1,1,4294967295,0,0
colizao,512,288,001BA01F,0,1,1,4294967295,0,0
colizao,576,288,00051F4D,0,1,1,4294967295,0,0
colizao,608,288,000D0BC4,0,1,1,4294967295,0,0
colizao,640,288,003BB927,0,1,1,4294967295,0,0
colizao,672,320,000441E9,0,1,1,4294967295,0,0
colizao,704,352,001490F4,0,1,1,4294967295,0,0
colizao,736,384,003756EF,0,1,1,4294967295,0,0
colizao,768,416,0015AC03,0,1,1,4294967295,0,0
globo_terrestre_lyn_apto,192,352,003814AB,0,1,1,4294967295,0,0
globo_terrestre_lyn_apto,224,320,00038B36,0,1,1,4294967295,0,0
globo_terrestre_lyn_apto,224,352,001B7C2F,0,1,1,4294967295,0,0
globo_terrestre_lyn_apto,160,352,001E8600,0,1,1,4294967295,0,0
globo_terrestre_lyn_apto,160,320,0015937F,0,1,1,4294967295,0,0
globo_terrestre_lyn_apto,192,320,0020BDFB,0,1,1,4294967295,0,0
globo_terrestre_lyn_apto,160,288,002DD205,0,1,1,4294967295,0,0
globo_terrestre_lyn_apto,192,288,0025C4D2,0,1,1,4294967295,0,0
globo_terrestre_lyn_apto,224,288,001A89B9,0,1,1,4294967295,0,0
boneco_eva_emblem,352,480,0037D61F,0,1,1,4294967295,0,0
boneco_eva_emblem,384,480,0019DA4A,0,1,1,4294967295,0,0
boneco_eva_emblem,384,512,002891AF,0,1,1,4294967295,0,0
boneco_eva_emblem,352,512,001195AC,0,1,1,4294967295,0,0
boneco_eva_emblem,384,544,002BE0A0,0,1,1,4294967295,0,0
boneco_eva_emblem,352,544,00205B9F,0,1,1,4294967295,0,0
boneco_eva_emblem,320,480,002C76B3,0,1,1,4294967295,0,0
boneco_eva_emblem,320,512,0015A50B,0,1,1,4294967295,0,0
boneco_eva_emblem,320,448,002F5019,0,1,1,4294967295,0,0
boneco_eva_emblem,416,512,000916FB,0,1,1,4294967295,0,0
boneco_eva_emblem,416,544,000991E2,0,1,1,4294967295,0,0
carrinho_de_briquedo_Lyn_apto,224,384,00017ECE,0,1,1,4294967295,0,0
carrinho_de_briquedo_Lyn_apto,256,384,00201CFC,0,1,1,4294967295,0,0
carrinho_de_briquedo_Lyn_apto,256,416,00100342,0,1,1,4294967295,0,0
carrinho_de_briquedo_Lyn_apto,288,416,00145175,0,1,1,4294967295,0,0
carrinho_de_briquedo_Lyn_apto,320,416,00399F51,0,1,1,4294967295,0,0
carrinho_de_briquedo_Lyn_apto,288,384,002157DD,0,1,1,4294967295,0,0
carrinho_de_briquedo_Lyn_apto,288,448,003D14A6,0,1,1,4294967295,0,0
carrinho_de_briquedo_Lyn_apto,256,448,0022EB70,0,1,1,4294967295,0,0
carrinho_de_briquedo_Lyn_apto,224,416,00072DC4,0,1,1,4294967295,0,0
carrinho_de_briquedo_Lyn_apto,192,416,00168C85,0,1,1,4294967295,0,0
carrinho_de_briquedo_Lyn_apto,192,384,002BD0BC,0,1,1,4294967295,0,0
colizao,800,448,0000FD95,0,1,1,4294967295,0,0
colizao,800,480,00165F1E,0,1,1,4294967295,0,0
colizao,800,512,003A7107,0,1,1,4294967295,0,0
colizao,800,544,00169B94,0,1,1,4294967295,0,0
colizao,800,576,002F11FF,0,1,1,4294967295,0,0
colizao,768,608,00295017,0,1,1,4294967295,0,0
colizao,704,608,0014D3FD,0,1,1,4294967295,0,0
colizao,736,608,00054123,0,1,1,4294967295,0,0
colizao,672,608,0019E0BB,0,1,1,4294967295,0,0
colizao,640,608,00337C43,0,1,1,4294967295,0,0
colizao,608,608,002BA680,0,1,1,4294967295,0,0
colizao,576,608,001508A5,0,1,1,4294967295,0,0
colizao,544,608,000F4D85,0,1,1,4294967295,0,0
colizao,512,608,00137ABB,0,1,1,4294967295,0,0
colizao,480,608,000F058F,0,1,1,4294967295,0,0
colizao,448,608,001B5F80,0,1,1,4294967295,0,0
trocar_room,768,224,0038A2DB,0,1,1,4294967295,0,0
