player_RE2,512,416,00294B81,0,1,1,4294967295,0,0
colizao,0,160,00184AB8,0,1,1,4294967295,0,0
colizao,32,160,0009042F,0,1,1,4294967295,0,0
colizao,64,160,000D1F57,0,1,1,4294967295,0,0
colizao,96,160,000AFC2B,0,1,1,4294967295,0,0
colizao,128,160,001B6631,0,1,1,4294967295,0,0
colizao,192,128,003F5325,0,1,1,4294967295,0,0
colizao,224,128,0013F6BB,0,1,1,4294967295,0,0
colizao,160,128,001C9191,0,1,1,4294967295,0,0
colizao,256,128,000A0AB5,0,1,1,4294967295,0,0
colizao,288,128,002E724D,0,1,1,4294967295,0,0
colizao,320,128,00348A02,0,1,1,4294967295,0,0
colizao,352,128,003F5C57,0,1,1,4294967295,0,0
colizao,384,160,001CA175,0,1,1,4294967295,0,0
colizao,416,160,003439B3,0,1,1,4294967295,0,0
colizao,448,160,0008A019,0,1,1,4294967295,0,0
colizao,480,160,00093ECE,0,1,1,4294967295,0,0
colizao,512,160,0012C9FC,0,1,1,4294967295,0,0
colizao,544,160,0010C2C7,0,1,1,4294967295,0,0
colizao,576,160,0006ECE3,0,1,1,4294967295,0,0
colizao,608,160,003F7E73,0,1,1,4294967295,0,0
colizao,640,160,003E5AF6,0,1,1,4294967295,0,0
colizao,672,192,00351093,0,1,1,4294967295,0,0
colizao,704,192,000F71BE,0,1,1,4294967295,0,0
colizao,736,192,0015AC93,0,1,1,4294967295,0,0
colizao,768,224,0037D771,0,1,1,4294967295,0,0
colizao,768,256,002ACB71,0,1,1,4294967295,0,0
TP_Fergus_corredor2,544,544,0007BACA,0,1,1,4294967295,0,0
TP_Fergus_corredor2,576,544,0036D40A,0,1,1,4294967295,0,0
TP_Fergus_corredor2,608,544,0028D654,0,1,1,4294967295,0,0
TP_Fergus_corredor2,640,544,001ECC07,0,1,1,4294967295,0,0
TP_Fergus_corredor2,672,544,00133CC1,0,1,1,4294967295,0,0
TP_Fergus_corredor2,704,544,001716C6,0,1,1,4294967295,0,0
TP_Fergus_corredor2,736,544,001E47A5,0,1,1,4294967295,0,0
TP_Fergus_corredor2,768,544,001B61C8,0,1,1,4294967295,0,0
colizao,64,576,000666CB,0,1,1,4294967295,0,0
colizao,0,576,00349C35,0,1,1,4294967295,0,0
colizao,32,576,002CB3F1,0,1,1,4294967295,0,0
colizao,96,576,0018D85F,0,1,1,4294967295,0,0
colizao,128,576,000592C2,0,1,1,4294967295,0,0
colizao,160,576,0028A448,0,1,1,4294967295,0,0
colizao,192,576,003C293B,0,1,1,4294967295,0,0
colizao,224,576,0016566C,0,1,1,4294967295,0,0
colizao,256,576,000C4D8E,0,1,1,4294967295,0,0
colizao,288,576,000C202E,0,1,1,4294967295,0,0
colizao,320,576,00239076,0,1,1,4294967295,0,0
colizao,352,576,003E18EE,0,1,1,4294967295,0,0
colizao,384,576,002DFE42,0,1,1,4294967295,0,0
colizao,416,576,00354332,0,1,1,4294967295,0,0
colizao,448,576,000A617D,0,1,1,4294967295,0,0
colizao,480,576,002701DD,0,1,1,4294967295,0,0
colizao,512,576,002D6089,0,1,1,4294967295,0,0
colizao,544,576,002A0133,0,1,1,4294967295,0,0
colizao,576,576,00169E9C,0,1,1,4294967295,0,0
colizao,608,576,0019B5BF,0,1,1,4294967295,0,0
colizao,640,576,001BB530,0,1,1,4294967295,0,0
colizao,704,576,00364EB1,0,1,1,4294967295,0,0
colizao,672,576,003F0878,0,1,1,4294967295,0,0
colizao,736,576,000776F7,0,1,1,4294967295,0,0
colizao,768,576,003CB1D9,0,1,1,4294967295,0,0
colizao,800,576,001AF3C7,0,1,1,4294967295,0,0
colizao,800,544,00286E67,0,1,1,4294967295,0,0
colizao,800,512,003A3D25,0,1,1,4294967295,0,0
colizao,800,480,003E40A8,0,1,1,4294967295,0,0
colizao,800,448,0025DFCA,0,1,1,4294967295,0,0
colizao,800,416,00062FCA,0,1,1,4294967295,0,0
colizao,800,384,000CEA97,0,1,1,4294967295,0,0
colizao,800,352,0025B7CE,0,1,1,4294967295,0,0
colizao,800,320,0009C9C4,0,1,1,4294967295,0,0
colizao,800,288,00022978,0,1,1,4294967295,0,0
colizao,0,160,0014A86B,0,1,1,4294967295,0,0
colizao,-32,224,001E6163,0,1,1,4294967295,0,0
colizao,-32,288,0025584F,0,1,1,4294967295,0,0
colizao,-32,256,00051EBD,0,1,1,4294967295,0,0
colizao,-32,320,0025F42D,0,1,1,4294967295,0,0
colizao,-32,352,0029711D,0,1,1,4294967295,0,0
colizao,-32,384,002F3178,0,1,1,4294967295,0,0
colizao,-32,416,0006C9A7,0,1,1,4294967295,0,0
colizao,-32,480,0040399B,0,1,1,4294967295,0,0
colizao,-32,512,003F0823,0,1,1,4294967295,0,0
colizao,-32,544,0017510D,0,1,1,4294967295,0,0
colizao,-32,448,001BB171,0,1,1,4294967295,0,0
colizao,-32,192,002E4B19,0,1,1,4294967295,0,0
TP_Fergus_corredor2,512,544,003E929F,0,1,1,4294967295,0,0
TP_Fergus_corredor2,480,544,00356755,0,1,1,4294967295,0,0
TP_Fergus_corredor2,448,544,00078741,0,1,1,4294967295,0,0
TP_Fergus_corredor2,416,544,00011D93,0,1,1,4294967295,0,0
TP_Fergus_corredor2,384,544,001DFB63,0,1,1,4294967295,0,0
TP_Fergus_corredor2,352,544,002E9947,0,1,1,4294967295,0,0
TP_Fergus_corredor2,320,544,002D18BE,0,1,1,4294967295,0,0
TP_Fergus_corredor2,256,544,001652C9,0,1,1,4294967295,0,0
TP_Fergus_corredor2,288,544,00166CCD,0,1,1,4294967295,0,0
TP_Fergus_corredor2,224,544,0011884F,0,1,1,4294967295,0,0
TP_Fergus_corredor2,192,544,003ED0E9,0,1,1,4294967295,0,0
TP_Fergus_corredor2,160,544,002D05FF,0,1,1,4294967295,0,0
TP_Fergus_corredor2,128,544,001CD8B9,0,1,1,4294967295,0,0
TP_Fergus_corredor2,96,544,002FC24C,0,1,1,4294967295,0,0
TP_Fergus_corredor2,32,544,002BC77E,0,1,1,4294967295,0,0
TP_Fergus_corredor2,64,544,001EBD3D,0,1,1,4294967295,0,0
TP_Fergus_corredor2,0,544,0006D092,0,1,1,4294967295,0,0
TP_Fergus_corredor2,0,512,000FFFB7,0,1,1,4294967295,0,0
TP_Fergus_corredor2,0,480,000CC2C5,0,1,1,4294967295,0,0
TP_Fergus_corredor2,0,448,001D212A,0,1,1,4294967295,0,0
TP_Fergus_corredor2,0,416,000A52E0,0,1,1,4294967295,0,0
TP_Fergus_corredor2,0,384,00284BC2,0,1,1,4294967295,0,0
TP_Fergus_corredor2,0,352,00296459,0,1,1,4294967295,0,0
TP_Fergus_corredor2,0,320,0027252C,0,1,1,4294967295,0,0
Dawn,224,192,0015DEFD,0,1,1,4294967295,0,0
colizao,215,192,0014109A,0,1,1,4294967295,0,0
