player,1024,640,001A0223,0,1,1,4294967295,0,0
colizao,0,160,002D4865,0,1,1,4294967295,0,0
colizao,32,192,001B836C,0,1,1,4294967295,0,0
colizao,64,224,00035DE2,0,1,1,4294967295,0,0
colizao,96,224,0038B031,0,1,1,4294967295,0,0
colizao,128,224,000C7071,0,1,1,4294967295,0,0
colizao,160,256,003CEF7C,0,1,1,4294967295,0,0
colizao,192,256,00358CEA,0,1,1,4294967295,0,0
colizao,224,256,002ED20C,0,1,1,4294967295,0,0
colizao,256,256,00154A58,0,1,1,4294967295,0,0
colizao,288,256,00076299,0,1,1,4294967295,0,0
colizao,288,288,0034BF8C,0,1,1,4294967295,0,0
colizao,320,320,000F0F10,0,1,1,4294967295,0,0
colizao,352,288,002E5272,0,1,1,4294967295,0,0
colizao,384,288,001D39CC,0,1,1,4294967295,0,0
colizao,416,320,003CDC6A,0,1,1,4294967295,0,0
colizao,416,352,0014A873,0,1,1,4294967295,0,0
colizao,416,384,00022119,0,1,1,4294967295,0,0
colizao,448,416,0018C5B5,0,1,1,4294967295,0,0
colizao,480,416,00170C7D,0,1,1,4294967295,0,0
colizao,512,416,00309822,0,1,1,4294967295,0,0
colizao,544,416,0000A48F,0,1,1,4294967295,0,0
colizao,576,448,003AB18A,0,1,1,4294967295,0,0
colizao,608,480,001576D8,0,1,1,4294967295,0,0
colizao,640,512,003AF6DB,0,1,1,4294967295,0,0
colizao,672,512,000F95BE,0,1,1,4294967295,0,0
colizao,672,544,000E1613,0,1,1,4294967295,0,0
colizao,672,576,002A2FB7,0,1,1,4294967295,0,0
colizao,704,608,0037070F,0,1,1,4294967295,0,0
colizao,736,608,0019D322,0,1,1,4294967295,0,0
colizao,768,608,00200ADF,0,1,1,4294967295,0,0
colizao,800,608,000FA89A,0,1,1,4294967295,0,0
colizao,800,576,00285413,0,1,1,4294967295,0,0
colizao,832,544,003616EE,0,1,1,4294967295,0,0
colizao,832,512,002A51E0,0,1,1,4294967295,0,0
colizao,832,480,00051561,0,1,1,4294967295,0,0
colizao,832,448,000885C2,0,1,1,4294967295,0,0
colizao,832,416,002FCD2A,0,1,1,4294967295,0,0
colizao,832,384,002F5B25,0,1,1,4294967295,0,0
colizao,832,352,002F9E2F,0,1,1,4294967295,0,0
colizao,864,352,003D5309,0,1,1,4294967295,0,0
colizao,896,384,000ED619,0,1,1,4294967295,0,0
colizao,928,384,00099E38,0,1,1,4294967295,0,0
colizao,960,416,0004EBBF,0,1,1,4294967295,0,0
colizao,960,448,003AFB1D,0,1,1,4294967295,0,0
colizao,960,480,00076F49,0,1,1,4294967295,0,0
colizao,960,512,00082FC4,0,1,1,4294967295,0,0
colizao,992,544,0034CC74,0,1,1,4294967295,0,0
colizao,1024,544,00179641,0,1,1,4294967295,0,0
colizao,1056,576,000D855E,0,1,1,4294967295,0,0
colizao,1088,576,003CF240,0,1,1,4294967295,0,0
colizao,1120,608,000D1E49,0,1,1,4294967295,0,0
colizao,1152,608,0018B538,0,1,1,4294967295,0,0
colizao,1216,576,001799AC,0,1,1,4294967295,0,0
colizao,1184,576,00354D77,0,1,1,4294967295,0,0
colizao,1248,608,0035FEAD,0,1,1,4294967295,0,0
colizao,1248,640,001C67E9,0,1,1,4294967295,0,0
colizao,1280,672,002B3B21,0,1,1,4294967295,0,0
colizao,1312,704,00259369,0,1,1,4294967295,0,0
colizao,1344,704,001D5CFE,0,1,1,4294967295,0,0
colizao,1376,672,000DFE90,0,1,1,4294967295,0,0
colizao,1408,672,001DFAF5,0,1,1,4294967295,0,0
colizao,1440,640,001A40BA,0,1,1,4294967295,0,0
colizao,1472,640,00101485,0,1,1,4294967295,0,0
colizao,1504,640,00241DFD,0,1,1,4294967295,0,0
colizao,1536,672,0006F64A,0,1,1,4294967295,0,0
colizao,1568,672,001958E7,0,1,1,4294967295,0,0
TP_FERGUS_INDUSTRIES,1184,608,003AE30B,0,1,1,4294967295,0,0
TP_FERGUS_INDUSTRIES,1216,608,00366091,0,1,1,4294967295,0,0
TP_FERGUS_INDUSTRIES,1216,640,002A9A9B,0,1,1,4294967295,0,0
TP_FERGUS_INDUSTRIES,1184,640,0029B56A,0,1,1,4294967295,0,0
TP_FERGUS_INDUSTRIES,1152,640,002A3CE7,0,1,1,4294967295,0,0
TP_FERGUS_INDUSTRIES,1248,672,000B9C8D,0,1,1,4294967295,0,0
TP_FERGUS_INDUSTRIES,1216,672,003B7B8B,0,1,1,4294967295,0,0
Fergus_OBJ,928,608,000707FC,0,1,1,4294967295,0,0
Hatsune_Miku_OBJ,384,480,002D8C2C,0,1,1,4294967295,0,0
Cavalo,128,288,000F2D38,0,1,1,4294967295,0,0
TP_MINEFOOD_INTERIOR,256,288,001DA7BB,0,1,1,4294967295,0,0
TP_MINEFOOD_INTERIOR,224,288,001B57D3,0,1,1,4294967295,0,0
TP_MINEFOOD_INTERIOR,256,320,000BC20C,0,1,1,4294967295,0,0
TP_MINEFOOD_INTERIOR,288,320,0029B8A8,0,1,1,4294967295,0,0
TP_MIKUBYL,512,448,00253992,0,1,1,4294967295,0,0
TP_MIKUBYL,544,448,0020F23D,0,1,1,4294967295,0,0
TP_MIKUBYL,544,480,0011D781,0,1,1,4294967295,0,0
TP_MIKUBYL,576,480,001026CC,0,1,1,4294967295,0,0
TP_MIKUBYL,480,448,001A5934,0,1,1,4294967295,0,0
TP_NEON_CASTELIA_CITY,0,192,0029168B,0,1,1,4294967295,0,0
TP_NEON_CASTELIA_CITY,0,224,00094831,0,1,1,4294967295,0,0
TP_NEON_CASTELIA_CITY,0,288,0026CDC8,0,1,1,4294967295,0,0
TP_NEON_CASTELIA_CITY,0,256,00212A29,0,1,1,4294967295,0,0
TP_NEON_CASTELIA_CITY,0,320,0009EA38,0,1,1,4294967295,0,0
TP_NEON_CASTELIA_CITY,0,352,003E29BA,0,1,1,4294967295,0,0
TP_NEON_CASTELIA_CITY,0,416,0024AC01,0,1,1,4294967295,0,0
TP_NEON_CASTELIA_CITY,0,384,002CE93F,0,1,1,4294967295,0,0
TP_NEON_CASTELIA_CITY,0,448,000DE385,0,1,1,4294967295,0,0
TP_NEON_CASTELIA_CITY,0,480,0002C675,0,1,1,4294967295,0,0
TP_NEON_CASTELIA_CITY,0,512,003B00C2,0,1,1,4294967295,0,0
TP_NEON_CASTELIA_CITY,0,544,003BBA41,0,1,1,4294967295,0,0
TP_NEON_CASTELIA_CITY,0,576,00087A10,0,1,1,4294967295,0,0
TP_NEON_CASTELIA_CITY,0,608,003B06F0,0,1,1,4294967295,0,0
TP_NEON_CASTELIA_CITY,0,640,000B0244,0,1,1,4294967295,0,0
TP_NEON_CASTELIA_CITY,0,672,0024CB51,0,1,1,4294967295,0,0
TP_NEON_CASTELIA_CITY,0,736,000AB72F,0,1,1,4294967295,0,0
TP_NEON_CASTELIA_CITY,0,768,0037D39A,0,1,1,4294967295,0,0
TP_NEON_CASTELIA_CITY,0,704,000DDE2A,0,1,1,4294967295,0,0
Relationship_control,1536,0,00150B08,0,1,1,4294967295,0,0
level_control,1568,0,003BE116,0,1,1,4294967295,0,0
Nami,448,736,0011E80A,0,1,1,4294967295,0,0
Nami,128,544,00180FFA,0,1,1,4294967295,0,0
Nami,256,416,0023AB8F,0,1,1,4294967295,0,0
Nami_limpar,1088,608,002DA230,0,1,1,4294967295,0,0
Nami_limpar,416,416,002DCBB2,0,1,1,4294967295,0,0
Nami_limpar,160,704,003CEDE6,0,1,1,4294967295,0,0
Nami_limpar,64,192,003AD3A2,0,1,1,4294967295,0,0
Nami_limpar,704,576,00155D8D,0,1,1,4294967295,0,0
inventory_controller,1568,32,002E7875,0,1,1,4294967295,0,0
