colizao,0,288,00329187,0,1,1,4294967295,0,0
colizao,32,288,00180019,0,1,1,4294967295,0,0
colizao,64,288,001283C8,0,1,1,4294967295,0,0
colizao,96,288,00330D16,0,1,1,4294967295,0,0
colizao,128,288,0017EFF4,0,1,1,4294967295,0,0
colizao,160,288,002AC695,0,1,1,4294967295,0,0
colizao,192,288,000DFF13,0,1,1,4294967295,0,0
colizao,224,288,0002F424,0,1,1,4294967295,0,0
colizao,256,288,003BDEBC,0,1,1,4294967295,0,0
colizao,288,288,00189806,0,1,1,4294967295,0,0
colizao,320,288,0021561A,0,1,1,4294967295,0,0
colizao,352,288,0029AEEE,0,1,1,4294967295,0,0
colizao,384,288,000306CE,0,1,1,4294967295,0,0
colizao,416,288,002297E9,0,1,1,4294967295,0,0
colizao,448,288,001F78D0,0,1,1,4294967295,0,0
colizao,480,288,00007A78,0,1,1,4294967295,0,0
colizao,512,288,00035E62,0,1,1,4294967295,0,0
colizao,544,288,000470F0,0,1,1,4294967295,0,0
colizao,576,288,003B8EC4,0,1,1,4294967295,0,0
colizao,608,288,001A2F15,0,1,1,4294967295,0,0
colizao,640,288,002992B6,0,1,1,4294967295,0,0
colizao,672,288,00271219,0,1,1,4294967295,0,0
colizao,704,288,001AF0AF,0,1,1,4294967295,0,0
colizao,736,288,002BFA74,0,1,1,4294967295,0,0
colizao,768,288,000CB05B,0,1,1,4294967295,0,0
colizao,800,288,002B8582,0,1,1,4294967295,0,0
colizao,832,288,0030FF61,0,1,1,4294967295,0,0
colizao,864,288,001E2EDA,0,1,1,4294967295,0,0
colizao,896,288,0039AFF1,0,1,1,4294967295,0,0
colizao,928,288,000AB860,0,1,1,4294967295,0,0
colizao,960,288,00320BE6,0,1,1,4294967295,0,0
colizao,992,288,001F87A5,0,1,1,4294967295,0,0
colizao,1024,288,000CFB45,0,1,1,4294967295,0,0
colizao,1056,288,000D088E,0,1,1,4294967295,0,0
colizao,1088,288,00065987,0,1,1,4294967295,0,0
colizao,1120,288,002A5F57,0,1,1,4294967295,0,0
colizao,1152,288,000DC92D,0,1,1,4294967295,0,0
colizao,1184,288,003140EB,0,1,1,4294967295,0,0
colizao,1216,288,002CCEDE,0,1,1,4294967295,0,0
colizao,1248,288,003C3C8E,0,1,1,4294967295,0,0
colizao,1280,288,003CC544,0,1,1,4294967295,0,0
colizao,1312,288,002B4EE6,0,1,1,4294967295,0,0
colizao,1344,288,000EAB2D,0,1,1,4294967295,0,0
colizao,1376,288,000D6034,0,1,1,4294967295,0,0
colizao,1408,288,00278095,0,1,1,4294967295,0,0
colizao,1440,288,0031EEE2,0,1,1,4294967295,0,0
colizao,1472,288,001DC61E,0,1,1,4294967295,0,0
colizao,1504,288,00296D84,0,1,1,4294967295,0,0
colizao,1536,288,001AF271,0,1,1,4294967295,0,0
colizao,1568,288,001F8A5B,0,1,1,4294967295,0,0
colizao,1600,288,0017D2C3,0,1,1,4294967295,0,0
colizao,1632,288,00135614,0,1,1,4294967295,0,0
colizao,1664,288,001C4DF0,0,1,1,4294967295,0,0
colizao,1696,288,0000BDD8,0,1,1,4294967295,0,0
colizao,1728,288,002926E1,0,1,1,4294967295,0,0
colizao,1760,288,003B1869,0,1,1,4294967295,0,0
colizao,1792,288,00271227,0,1,1,4294967295,0,0
colizao,1824,288,003574D9,0,1,1,4294967295,0,0
colizao,1856,288,002CB7CA,0,1,1,4294967295,0,0
colizao,1888,288,000BB388,0,1,1,4294967295,0,0
colizao,1920,288,0039B348,0,1,1,4294967295,0,0
colizao,1952,288,001A72EA,0,1,1,4294967295,0,0
colizao,1984,288,001FBE5A,0,1,1,4294967295,0,0
TP_NEON_CASTELIA_CITY,544,320,00396834,0,1,1,4294967295,0,0
TP_NEON_CASTELIA_CITY,576,320,000BB335,0,1,1,4294967295,0,0
TP_NEON_CASTELIA_CITY,608,320,0007A3BE,0,1,1,4294967295,0,0
TP_NEON_CASTELIA_CITY,512,320,002A3366,0,1,1,4294967295,0,0
TP_FERGUS,768,320,00352029,0,1,1,4294967295,0,0
TP_FERGUS,800,320,001A07D5,0,1,1,4294967295,0,0
TP_FERGUS,832,320,00330442,0,1,1,4294967295,0,0
TP_FERGUS,736,320,002F162B,0,1,1,4294967295,0,0
TP_LUNATIC_CORP,960,320,000E568A,0,1,1,4294967295,0,0
TP_LUNATIC_CORP,992,320,00004E90,0,1,1,4294967295,0,0
TP_LUNATIC_CORP,1024,320,00233BEA,0,1,1,4294967295,0,0
TP_MINEFOOD_EXTERIOR,1184,320,0028E667,0,1,1,4294967295,0,0
TP_MINEFOOD_EXTERIOR,1216,320,000B02CD,0,1,1,4294967295,0,0
TP_MINEFOOD_EXTERIOR,1248,320,003091BE,0,1,1,4294967295,0,0
TP_NOOBFIELD_EXTERIOR,1664,320,002A8A45,0,1,1,4294967295,0,0
TP_NOOBFIELD_EXTERIOR,1696,320,00240118,0,1,1,4294967295,0,0
TP_NOOBFIELD_EXTERIOR,1728,320,0016E65F,0,1,1,4294967295,0,0
TP_NOOBFIELD_EXTERIOR,1632,320,001CE717,0,1,1,4294967295,0,0
TP_Magvel,1952,352,002BBEAD,0,1,1,4294967295,0,0
TP_Magvel,1952,384,003A4EA6,0,1,1,4294967295,0,0
TP_Magvel,1952,384,003A9058,0,1,1,4294967295,0,0
TP_Magvel,1952,416,0005EE77,0,1,1,4294967295,0,0
TP_Magvel,1952,416,00051673,0,1,1,4294967295,0,0
TP_Magvel,1952,448,0002A49B,0,1,1,4294967295,0,0
TP_Magvel,1952,480,0016D8BA,0,1,1,4294967295,0,0
TP_Magvel,1952,512,00222B44,0,1,1,4294967295,0,0
TP_Magvel,1952,544,00063771,0,1,1,4294967295,0,0
TP_Magvel,1952,544,0039F2CE,0,1,1,4294967295,0,0
TP_Magvel,1952,576,0036F877,0,1,1,4294967295,0,0
player,192,416,002CA0FB,0,1,1,4294967295,0,0
NAMI_stewardess_OBJ1,1792,352,0026D67E,0,1,1,4294967295,0,0
NAMI_stewardess_OBJ2,1024,448,00320972,0,1,1,4294967295,0,0
NAMI_stewardess_OBJ3,896,416,00127FA6,0,1,1,4294967295,0,0
NAMI_stewardess_OBJ3,1824,544,0036A82F,0,1,1,4294967295,0,0
NAMI_stewardess_OBJ3,1120,352,00074F17,0,1,1,4294967295,0,0
Concorde_INFEITE,0,0,003333E8,0,1,1,4294967295,0,0
Concorde_INFEITE,64,0,00367D65,0,1,1,4294967295,0,0
Concorde_INFEITE,128,0,002517A0,0,1,1,4294967295,0,0
Concorde_INFEITE,192,0,00128DB3,0,1,1,4294967295,0,0
Concorde_INFEITE,256,0,003A1484,0,1,1,4294967295,0,0
Concorde_INFEITE,320,0,000B52FD,0,1,1,4294967295,0,0
Concorde_INFEITE,384,0,001640F8,0,1,1,4294967295,0,0
Concorde_INFEITE,448,0,0024451A,0,1,1,4294967295,0,0
Concorde_INFEITE,512,0,001A5E3F,0,1,1,4294967295,0,0
Concorde_INFEITE,576,0,00101010,0,1,1,4294967295,0,0
Concorde_INFEITE,640,-32,003A1F67,0,1,1,4294967295,0,0
Concorde_INFEITE,672,-32,002F6F20,0,1,1,4294967295,0,0
Concorde_INFEITE,448,32,001862FF,0,1,1,4294967295,0,0
Concorde_INFEITE,352,32,0020F53F,0,1,1,4294967295,0,0
Concorde_INFEITE,320,64,0037D64C,0,1,1,4294967295,0,0
Concorde_INFEITE,256,64,00290BE5,0,1,1,4294967295,0,0
Concorde_INFEITE,192,64,001A600B,0,1,1,4294967295,0,0
Concorde_INFEITE,128,64,003F5210,0,1,1,4294967295,0,0
Concorde_INFEITE,64,64,000DA600,0,1,1,4294967295,0,0
Concorde_INFEITE,0,64,000F109A,0,1,1,4294967295,0,0
Concorde_INFEITE,0,96,00278EC6,0,1,1,4294967295,0,0
Concorde_INFEITE,64,96,001589A6,0,1,1,4294967295,0,0
Concorde_INFEITE,128,96,0023CBDE,0,1,1,4294967295,0,0
Concorde_INFEITE,192,96,0032B156,0,1,1,4294967295,0,0
tp_control_room,256,576,0035BF76,0,1,1,4294967295,0,0
