player_RE2,512,416,00059B28,0,1,1,4294967295,0,0
colizao,0,160,000865B7,0,1,1,4294967295,0,0
colizao,32,160,001AFD1C,0,1,1,4294967295,0,0
colizao,64,160,0022DA51,0,1,1,4294967295,0,0
colizao,96,160,00175B50,0,1,1,4294967295,0,0
colizao,128,160,003A61AF,0,1,1,4294967295,0,0
colizao,192,128,000266EB,0,1,1,4294967295,0,0
colizao,224,128,00002E53,0,1,1,4294967295,0,0
colizao,160,128,001FEA63,0,1,1,4294967295,0,0
colizao,256,128,002D8A7C,0,1,1,4294967295,0,0
colizao,288,128,002008EE,0,1,1,4294967295,0,0
colizao,320,128,003302AA,0,1,1,4294967295,0,0
colizao,352,128,002EADC8,0,1,1,4294967295,0,0
colizao,384,160,00241331,0,1,1,4294967295,0,0
colizao,416,160,0012B16A,0,1,1,4294967295,0,0
colizao,448,160,001BE0EB,0,1,1,4294967295,0,0
colizao,480,160,001F5516,0,1,1,4294967295,0,0
colizao,512,160,000197B1,0,1,1,4294967295,0,0
colizao,544,160,000AC3A6,0,1,1,4294967295,0,0
colizao,576,160,003E947B,0,1,1,4294967295,0,0
colizao,608,160,003235E3,0,1,1,4294967295,0,0
colizao,640,160,00219F42,0,1,1,4294967295,0,0
colizao,672,192,00062F54,0,1,1,4294967295,0,0
colizao,704,192,000FB7E2,0,1,1,4294967295,0,0
colizao,736,192,001E78DA,0,1,1,4294967295,0,0
colizao,768,224,002C4563,0,1,1,4294967295,0,0
colizao,768,256,001F1121,0,1,1,4294967295,0,0
TP_Fergus_corredor2,544,544,000F93FA,0,1,1,4294967295,0,0
TP_Fergus_corredor2,576,544,0007927D,0,1,1,4294967295,0,0
TP_Fergus_corredor2,608,544,003981A0,0,1,1,4294967295,0,0
TP_Fergus_corredor2,640,544,00012736,0,1,1,4294967295,0,0
TP_Fergus_corredor2,672,544,001280AE,0,1,1,4294967295,0,0
TP_Fergus_corredor2,704,544,001C4E02,0,1,1,4294967295,0,0
TP_Fergus_corredor2,736,544,00099C0D,0,1,1,4294967295,0,0
TP_Fergus_corredor2,768,544,0015BEB1,0,1,1,4294967295,0,0
colizao,64,576,0012EA33,0,1,1,4294967295,0,0
colizao,0,576,0017C6AB,0,1,1,4294967295,0,0
colizao,32,576,002A16EF,0,1,1,4294967295,0,0
colizao,96,576,0000327E,0,1,1,4294967295,0,0
colizao,128,576,00242D5A,0,1,1,4294967295,0,0
colizao,160,576,002D0589,0,1,1,4294967295,0,0
colizao,192,576,00249B0D,0,1,1,4294967295,0,0
colizao,224,576,0020594F,0,1,1,4294967295,0,0
colizao,256,576,00320A99,0,1,1,4294967295,0,0
colizao,288,576,0030B985,0,1,1,4294967295,0,0
colizao,320,576,00322002,0,1,1,4294967295,0,0
colizao,352,576,0013290F,0,1,1,4294967295,0,0
colizao,384,576,0008397E,0,1,1,4294967295,0,0
colizao,416,576,002B9195,0,1,1,4294967295,0,0
colizao,448,576,002E53B1,0,1,1,4294967295,0,0
colizao,480,576,00071177,0,1,1,4294967295,0,0
colizao,512,576,002DB83F,0,1,1,4294967295,0,0
colizao,544,576,0009A9E1,0,1,1,4294967295,0,0
colizao,576,576,002318D3,0,1,1,4294967295,0,0
colizao,608,576,003DDE66,0,1,1,4294967295,0,0
colizao,640,576,002B0A15,0,1,1,4294967295,0,0
colizao,704,576,0030097B,0,1,1,4294967295,0,0
colizao,672,576,000C76FC,0,1,1,4294967295,0,0
colizao,736,576,002CBD1A,0,1,1,4294967295,0,0
colizao,768,576,002D054E,0,1,1,4294967295,0,0
colizao,800,576,000BEE30,0,1,1,4294967295,0,0
colizao,800,544,000953F5,0,1,1,4294967295,0,0
colizao,800,512,003CBF5E,0,1,1,4294967295,0,0
colizao,800,480,0038BAA9,0,1,1,4294967295,0,0
colizao,800,448,0008F387,0,1,1,4294967295,0,0
colizao,800,416,003B22B0,0,1,1,4294967295,0,0
colizao,800,384,0034350C,0,1,1,4294967295,0,0
colizao,800,352,003F2653,0,1,1,4294967295,0,0
colizao,800,320,001D7B5F,0,1,1,4294967295,0,0
colizao,800,288,00275571,0,1,1,4294967295,0,0
colizao,0,160,002E6F5A,0,1,1,4294967295,0,0
colizao,-32,224,002AA9EB,0,1,1,4294967295,0,0
colizao,-32,288,003A4157,0,1,1,4294967295,0,0
colizao,-32,256,00003F9D,0,1,1,4294967295,0,0
colizao,-32,320,000C5FF4,0,1,1,4294967295,0,0
colizao,-32,352,00117FC7,0,1,1,4294967295,0,0
colizao,-32,384,003165FE,0,1,1,4294967295,0,0
colizao,-32,416,00042535,0,1,1,4294967295,0,0
colizao,-32,480,00202751,0,1,1,4294967295,0,0
colizao,-32,512,00079276,0,1,1,4294967295,0,0
colizao,-32,544,003D3C25,0,1,1,4294967295,0,0
colizao,-32,448,003800AC,0,1,1,4294967295,0,0
colizao,-32,192,001F46CB,0,1,1,4294967295,0,0
TP_Fergus_corredor2,512,544,001B5441,0,1,1,4294967295,0,0
TP_Fergus_corredor2,480,544,001B90D1,0,1,1,4294967295,0,0
TP_Fergus_corredor2,448,544,001084DA,0,1,1,4294967295,0,0
TP_Fergus_corredor2,416,544,003ECC8D,0,1,1,4294967295,0,0
TP_Fergus_corredor2,384,544,00182573,0,1,1,4294967295,0,0
TP_Fergus_corredor2,352,544,0008197F,0,1,1,4294967295,0,0
TP_Fergus_corredor2,320,544,002EBFDE,0,1,1,4294967295,0,0
TP_Fergus_corredor2,256,544,0023A391,0,1,1,4294967295,0,0
TP_Fergus_corredor2,288,544,003A9863,0,1,1,4294967295,0,0
TP_Fergus_corredor2,224,544,002936F3,0,1,1,4294967295,0,0
TP_Fergus_corredor2,192,544,001C97D6,0,1,1,4294967295,0,0
TP_Fergus_corredor2,160,544,002B10FC,0,1,1,4294967295,0,0
TP_Fergus_corredor2,128,544,000E7915,0,1,1,4294967295,0,0
TP_Fergus_corredor2,96,544,0017E652,0,1,1,4294967295,0,0
TP_Fergus_corredor2,32,544,00151AC1,0,1,1,4294967295,0,0
TP_Fergus_corredor2,64,544,0014D5D5,0,1,1,4294967295,0,0
TP_Fergus_corredor2,0,544,0006AF19,0,1,1,4294967295,0,0
TP_Fergus_corredor2,0,512,003BCC4A,0,1,1,4294967295,0,0
TP_Fergus_corredor2,0,480,0024274F,0,1,1,4294967295,0,0
TP_Fergus_corredor2,0,448,0033B1A6,0,1,1,4294967295,0,0
TP_Fergus_corredor2,0,416,0023A723,0,1,1,4294967295,0,0
TP_Fergus_corredor2,0,384,003D1009,0,1,1,4294967295,0,0
TP_Fergus_corredor2,0,352,000439BC,0,1,1,4294967295,0,0
TP_Fergus_corredor2,0,320,000D9920,0,1,1,4294967295,0,0
Dawn,224,192,00183730,0,1,1,4294967295,0,0
colizao,215,192,002948EE,0,1,1,4294967295,0,0
