MikuNet_shortcut,32,1152,00337867,0,1,1,4294967295,0,0
MikuNet_shortcut,64,1152,002DD091,0,1,1,4294967295,0,0
MikuNet_shortcut,64,1184,000664F2,0,1,1,4294967295,0,0
MikuNet_shortcut,32,1184,00112EA3,0,1,1,4294967295,0,0
MikuNet_shortcut,32,1120,000201B7,0,1,1,4294967295,0,0
MikuNet_shortcut,64,1120,001FD98C,0,1,1,4294967295,0,0
MikuNet_shortcut,32,1088,001953B6,0,1,1,4294967295,0,0
MikuNet_shortcut,64,1088,0032DEC0,0,1,1,4294967295,0,0
MikuNet_shortcut,32,1056,002985FC,0,1,1,4294967295,0,0
MikuNet_shortcut,64,1056,000EA0C3,0,1,1,4294967295,0,0
MikuNet_shortcut,0,1056,00320A78,0,1,1,4294967295,0,0
MikuNet_shortcut,0,1088,001FF531,0,1,1,4294967295,0,0
MikuNet_shortcut,0,1120,003A5421,0,1,1,4294967295,0,0
MikuNet_shortcut,0,1152,0011A5CF,0,1,1,4294967295,0,0
MikuNet_shortcut,0,1184,00064D72,0,1,1,4294967295,0,0
MikuNet_shortcut,96,1056,001CBD2F,0,1,1,4294967295,0,0
MikuNet_shortcut,96,1088,0003ED5B,0,1,1,4294967295,0,0
MikuNet_shortcut,96,1120,00120FAD,0,1,1,4294967295,0,0
MikuNet_shortcut,96,1152,001A4E66,0,1,1,4294967295,0,0
MikuNet_shortcut,96,1184,003628C9,0,1,1,4294967295,0,0
MikuNet_shortcut,0,1024,001D6845,0,1,1,4294967295,0,0
MikuNet_shortcut,32,1024,001E00A7,0,1,1,4294967295,0,0
MikuNet_shortcut,64,1024,0039CBAD,0,1,1,4294967295,0,0
MikuNet_shortcut,96,1024,0033E059,0,1,1,4294967295,0,0
Noobfield_BlueDye,480,32,001A0B89,0,1,1,4294967295,0,0
Noobfield_BlueDye,448,32,00255252,0,1,1,4294967295,0,0
Noobfield_BlueDye,480,0,0005D157,0,1,1,4294967295,0,0
Noobfield_BlueDye,512,32,00269034,0,1,1,4294967295,0,0
Noobfield_BlueDye,480,64,000B6779,0,1,1,4294967295,0,0
Noobfield_BlueDye,448,64,0027E02B,0,1,1,4294967295,0,0
Noobfield_BlueDye,512,64,00389552,0,1,1,4294967295,0,0
Noobfield_BlueDye,448,0,003FFB2B,0,1,1,4294967295,0,0
Noobfield_BlueDye,512,0,00363D4D,0,1,1,4294967295,0,0
Noobfield_BlueDye,384,96,002BA394,0,1,1,4294967295,0,0
Noobfield_BlueDye,416,96,000D55C2,0,1,1,4294967295,0,0
Noobfield_BlueDye,448,96,0034184E,0,1,1,4294967295,0,0
Noobfield_BlueDye,480,96,003694E4,0,1,1,4294967295,0,0
Labs_Button,0,0,0021CCCE,0,1,1,4294967295,0,0
Labs_Button,32,0,0019994C,0,1,1,4294967295,0,0
Labs_Button,64,0,00348A69,0,1,1,4294967295,0,0
Labs_Button,96,0,0020DA2D,0,1,1,4294967295,0,0
Labs_Button,128,0,00325E50,0,1,1,4294967295,0,0
Labs_Button,160,0,001F23BB,0,1,1,4294967295,0,0
Labs_Button,192,0,0021A82B,0,1,1,4294967295,0,0
Labs_Button,224,0,003734ED,0,1,1,4294967295,0,0
Labs_Button,256,0,0033EBCE,0,1,1,4294967295,0,0
Labs_Button,288,0,0002BC36,0,1,1,4294967295,0,0
Labs_Button,320,0,0023A5F9,0,1,1,4294967295,0,0
Labs_Button,320,32,001F21FC,0,1,1,4294967295,0,0
Labs_Button,320,64,00288C94,0,1,1,4294967295,0,0
Labs_Button,288,64,00168327,0,1,1,4294967295,0,0
Labs_Button,288,32,00281362,0,1,1,4294967295,0,0
Labs_Button,256,32,00151561,0,1,1,4294967295,0,0
Labs_Button,224,32,00253709,0,1,1,4294967295,0,0
Labs_Button,192,32,003A4BCF,0,1,1,4294967295,0,0
Labs_Button,160,32,0014B2D1,0,1,1,4294967295,0,0
Labs_Button,128,32,0024B686,0,1,1,4294967295,0,0
Labs_Button,96,32,001B0AAE,0,1,1,4294967295,0,0
Labs_Button,64,32,002793FF,0,1,1,4294967295,0,0
Labs_Button,32,32,000DF72D,0,1,1,4294967295,0,0
Labs_Button,0,32,0003A1B0,0,1,1,4294967295,0,0
Labs_Button,0,64,000A1FC5,0,1,1,4294967295,0,0
Labs_Button,32,64,000B226A,0,1,1,4294967295,0,0
Labs_Button,64,64,003F84EE,0,1,1,4294967295,0,0
Labs_Button,96,64,003A6E3E,0,1,1,4294967295,0,0
Labs_Button,128,64,0034670E,0,1,1,4294967295,0,0
Labs_Button,160,64,001DD690,0,1,1,4294967295,0,0
Labs_Button,192,64,0025B5A3,0,1,1,4294967295,0,0
Labs_Button,224,64,0011E9BD,0,1,1,4294967295,0,0
Labs_Button,256,64,00365ED8,0,1,1,4294967295,0,0
Labs_Button,352,32,000084B0,0,1,1,4294967295,0,0
Labs_Button,352,0,002A4323,0,1,1,4294967295,0,0
Labs_Button,352,64,00184269,0,1,1,4294967295,0,0
Labs_Button,384,32,00403737,0,1,1,4294967295,0,0
BuyNOW,384,864,0030783A,0,1,1,4294967295,0,0
BuyNOW,416,864,002D1420,0,1,1,4294967295,0,0
BuyNOW,448,864,000EE2F1,0,1,1,4294967295,0,0
BuyNOW,480,864,0031AA94,0,1,1,4294967295,0,0
BuyNOW,512,864,00319ACD,0,1,1,4294967295,0,0
BuyNOW,544,864,002DF875,0,1,1,4294967295,0,0
BuyNOW,576,864,0034DDF7,0,1,1,4294967295,0,0
BuyNOW,608,864,00338FF2,0,1,1,4294967295,0,0
BuyNOW,640,864,0028C0CF,0,1,1,4294967295,0,0
BuyNOW,672,864,0012F7C9,0,1,1,4294967295,0,0
BuyNOW,704,864,002272E1,0,1,1,4294967295,0,0
BuyNOW,736,864,00333E09,0,1,1,4294967295,0,0
BuyNOW,736,896,0022AE1F,0,1,1,4294967295,0,0
BuyNOW,704,896,001BF188,0,1,1,4294967295,0,0
BuyNOW,672,896,00060A5C,0,1,1,4294967295,0,0
BuyNOW,640,896,0038F2A0,0,1,1,4294967295,0,0
BuyNOW,608,896,001E4472,0,1,1,4294967295,0,0
BuyNOW,576,896,00207355,0,1,1,4294967295,0,0
BuyNOW,544,896,00190621,0,1,1,4294967295,0,0
BuyNOW,512,896,001E97E5,0,1,1,4294967295,0,0
BuyNOW,480,896,003C2B76,0,1,1,4294967295,0,0
BuyNOW,448,896,00097FDB,0,1,1,4294967295,0,0
BuyNOW,416,896,003989F8,0,1,1,4294967295,0,0
BuyNOW,384,896,003FAF9C,0,1,1,4294967295,0,0
BuyNOW,384,928,0005C573,0,1,1,4294967295,0,0
BuyNOW,416,928,000496B6,0,1,1,4294967295,0,0
BuyNOW,448,928,0024C7BB,0,1,1,4294967295,0,0
BuyNOW,480,928,0005EBED,0,1,1,4294967295,0,0
BuyNOW,512,928,001217BB,0,1,1,4294967295,0,0
BuyNOW,544,928,003EC697,0,1,1,4294967295,0,0
BuyNOW,576,928,001C92FE,0,1,1,4294967295,0,0
BuyNOW,608,928,000FDC83,0,1,1,4294967295,0,0
BuyNOW,640,928,0015039B,0,1,1,4294967295,0,0
BuyNOW,672,928,0006A4A0,0,1,1,4294967295,0,0
BuyNOW,704,928,00111D1D,0,1,1,4294967295,0,0
BuyNOW,736,928,00300991,0,1,1,4294967295,0,0
Camera_Cursor,768,0,00033EFF,0,1,1,4294967295,0,0
