colizao,0,320,00011EC8,0,1,1,4294967295,0,0
colizao,32,288,0010DB3D,0,1,1,4294967295,0,0
colizao,64,256,00232B64,0,1,1,4294967295,0,0
colizao,96,224,0006F486,0,1,1,4294967295,0,0
colizao,64,192,00008219,0,1,1,4294967295,0,0
colizao,224,128,001252BA,0,1,1,4294967295,0,0
colizao,256,128,001663B1,0,1,1,4294967295,0,0
colizao,288,96,000E6C1A,0,1,1,4294967295,0,0
colizao,320,64,00210B12,0,1,1,4294967295,0,0
colizao,352,64,0014163C,0,1,1,4294967295,0,0
colizao,384,64,00148BE2,0,1,1,4294967295,0,0
colizao,416,96,00004C52,0,1,1,4294967295,0,0
colizao,416,128,00334EF7,0,1,1,4294967295,0,0
colizao,416,160,001E3D8C,0,1,1,4294967295,0,0
colizao,416,192,003A9A13,0,1,1,4294967295,0,0
colizao,416,224,0023CDA6,0,1,1,4294967295,0,0
colizao,416,256,001B67E4,0,1,1,4294967295,0,0
colizao,416,288,001E2DFF,0,1,1,4294967295,0,0
colizao,416,288,00355FDE,0,1,1,4294967295,0,0
colizao,416,352,003B8F7E,0,1,1,4294967295,0,0
colizao,416,320,003D246D,0,1,1,4294967295,0,0
colizao,384,384,001D6A92,0,1,1,4294967295,0,0
colizao,352,384,001F60C4,0,1,1,4294967295,0,0
colizao,320,384,00129068,0,1,1,4294967295,0,0
colizao,256,384,00244F52,0,1,1,4294967295,0,0
colizao,288,384,002E6187,0,1,1,4294967295,0,0
colizao,224,384,002CE391,0,1,1,4294967295,0,0
colizao,192,384,001705C6,0,1,1,4294967295,0,0
colizao,128,384,0035690D,0,1,1,4294967295,0,0
colizao,160,384,00325EA3,0,1,1,4294967295,0,0
colizao,96,384,00164A75,0,1,1,4294967295,0,0
colizao,64,384,002C05A6,0,1,1,4294967295,0,0
TP_Fergus_Chemistry_room,96,192,0036ECF0,0,1,1,4294967295,0,0
TP_Fergus_Chemistry_room,128,160,002C6A9A,0,1,1,4294967295,0,0
TP_Fergus_Chemistry_room,160,160,0001A684,0,1,1,4294967295,0,0
TP_Fergus_Chemistry_room,192,128,0030E8B8,0,1,1,4294967295,0,0
colizao,96,160,00202ED7,0,1,1,4294967295,0,0
colizao,128,128,0022FC46,0,1,1,4294967295,0,0
colizao,160,128,003782D4,0,1,1,4294967295,0,0
colizao,192,96,0006EB97,0,1,1,4294967295,0,0
colizao,224,96,00216B24,0,1,1,4294967295,0,0
TP_Fergus_corredor1,320,96,00242044,0,1,1,4294967295,0,0
TP_Fergus_corredor1,352,96,000251A9,0,1,1,4294967295,0,0
TP_Fergus_corredor1,384,96,00314C5D,0,1,1,4294967295,0,0
player_RE2,320,192,002C588F,0,1,1,4294967295,0,0
TP_Fergus_Basquete,32,320,000EAEDE,0,1,1,4294967295,0,0
TP_Fergus_Basquete,64,352,002C7306,0,1,1,4294967295,0,0
TP_Fergus_Basquete,96,352,0037B865,0,1,1,4294967295,0,0
TP_Fergus_Basquete,128,352,00157449,0,1,1,4294967295,0,0
TP_Fergus_Basquete,160,352,0014A062,0,1,1,4294967295,0,0
TP_Fergus_Basquete,192,352,0011BEB5,0,1,1,4294967295,0,0
TP_Fergus_Basquete,224,352,000BE619,0,1,1,4294967295,0,0
TP_Fergus_Basquete,256,352,0034EC70,0,1,1,4294967295,0,0
TP_Fergus_Basquete,288,352,00378D79,0,1,1,4294967295,0,0
TP_Fergus_Basquete,320,352,001FAD3D,0,1,1,4294967295,0,0
TP_Fergus_Basquete,352,352,0038A474,0,1,1,4294967295,0,0
TP_Fergus_Basquete,384,352,003B9994,0,1,1,4294967295,0,0
colizao,32,352,0013D73D,0,1,1,4294967295,0,0
