colizao,336,48,0012D7F0,0,1,1,4294967295,0,0
colizao,352,64,001630A6,0,1,1,4294967295,0,0
colizao,368,80,001BAAEF,0,1,1,4294967295,0,0
colizao,384,96,00369A32,0,1,1,4294967295,0,0
colizao,400,112,00203917,0,1,1,4294967295,0,0
colizao,432,112,00307F31,0,1,1,4294967295,0,0
colizao,448,128,0012B530,0,1,1,4294967295,0,0
colizao,464,144,00054F9D,0,1,1,4294967295,0,0
colizao,496,144,002732AF,0,1,1,4294967295,0,0
colizao,512,160,001E372C,0,1,1,4294967295,0,0
colizao,528,176,00023117,0,1,1,4294967295,0,0
colizao,544,192,0007DC82,0,1,1,4294967295,0,0
colizao,576,192,003B77A2,0,1,1,4294967295,0,0
colizao,608,192,0006E16D,0,1,1,4294967295,0,0
colizao,608,224,0039C334,0,1,1,4294967295,0,0
colizao,640,224,002F169C,0,1,1,4294967295,0,0
colizao,640,256,00377B55,0,1,1,4294967295,0,0
colizao,672,256,001E5616,0,1,1,4294967295,0,0
colizao,704,288,0013860D,0,1,1,4294967295,0,0
colizao,736,288,002C740D,0,1,1,4294967295,0,0
colizao,768,288,001EA221,0,1,1,4294967295,0,0
colizao,768,320,0018EFA9,0,1,1,4294967295,0,0
colizao,800,320,003A9EDA,0,1,1,4294967295,0,0
colizao,832,352,003319A5,0,1,1,4294967295,0,0
colizao,864,352,003A74EC,0,1,1,4294967295,0,0
colizao,896,352,0009E1FD,0,1,1,4294967295,0,0
colizao,896,384,00375C4C,0,1,1,4294967295,0,0
colizao,928,384,002D3FF1,0,1,1,4294967295,0,0
colizao,928,416,0004CE4F,0,1,1,4294967295,0,0
colizao,960,416,0007C344,0,1,1,4294967295,0,0
colizao,992,416,0025CAA5,0,1,1,4294967295,0,0
colizao,992,448,00300B6D,0,1,1,4294967295,0,0
colizao,1024,448,0006A389,0,1,1,4294967295,0,0
colizao,1024,480,0007E21F,0,1,1,4294967295,0,0
colizao,1056,480,003AA57E,0,1,1,4294967295,0,0
colizao,1088,480,00026C6B,0,1,1,4294967295,0,0
colizao,1088,512,001712D7,0,1,1,4294967295,0,0
colizao,1120,512,002FAF6F,0,1,1,4294967295,0,0
colizao,1152,512,0013DF18,0,1,1,4294967295,0,0
colizao,1184,512,0020B79D,0,1,1,4294967295,0,0
colizao,1184,544,000472F9,0,1,1,4294967295,0,0
colizao,1216,544,00299E7A,0,1,1,4294967295,0,0
colizao,1248,544,00224EB8,0,1,1,4294967295,0,0
colizao,1248,576,002F7213,0,1,1,4294967295,0,0
colizao,1280,576,0037AC61,0,1,1,4294967295,0,0
colizao,1312,576,001F6B0A,0,1,1,4294967295,0,0
colizao,1312,608,0001C2D9,0,1,1,4294967295,0,0
colizao,1344,608,002A3A10,0,1,1,4294967295,0,0
colizao,1376,608,00327E04,0,1,1,4294967295,0,0
colizao,1696,800,00050E84,0,1,1,4294967295,0,0
colizao,1728,800,0031A7A3,0,1,1,4294967295,0,0
colizao,1728,832,002123BC,0,1,1,4294967295,0,0
colizao,1760,832,002180B2,0,1,1,4294967295,0,0
colizao,1408,608,0036BF1F,0,1,1,4294967295,0,0
colizao,1408,640,002164AF,0,1,1,4294967295,0,0
colizao,1440,640,002D6378,0,1,1,4294967295,0,0
colizao,1440,672,003F0ADE,0,1,1,4294967295,0,0
colizao,1472,672,0035660D,0,1,1,4294967295,0,0
colizao,1504,704,0023E520,0,1,1,4294967295,0,0
colizao,1536,704,0013AC79,0,1,1,4294967295,0,0
colizao,1536,736,001C47A0,0,1,1,4294967295,0,0
colizao,1568,736,0025B9BF,0,1,1,4294967295,0,0
colizao,1600,736,001D495C,0,1,1,4294967295,0,0
colizao,1632,768,001CF98A,0,1,1,4294967295,0,0
colizao,1664,768,00362D57,0,1,1,4294967295,0,0
colizao,1664,800,003B971B,0,1,1,4294967295,0,0
colizao,1696,800,001B8C45,0,1,1,4294967295,0,0
colizao,1728,800,00397D83,0,1,1,4294967295,0,0
colizao,1728,832,0002D48C,0,1,1,4294967295,0,0
colizao,1760,832,0012D60C,0,1,1,4294967295,0,0
colizao,1792,832,001201D5,0,1,1,4294967295,0,0
colizao,1824,864,0017B402,0,1,1,4294967295,0,0
colizao,1856,864,00029907,0,1,1,4294967295,0,0
colizao,1888,896,0006E7BD,0,1,1,4294967295,0,0
colizao,1920,896,000421D4,0,1,1,4294967295,0,0
colizao,1920,928,00268851,0,1,1,4294967295,0,0
colizao,1952,928,001F6C22,0,1,1,4294967295,0,0
colizao,1984,928,002356CC,0,1,1,4294967295,0,0
colizao,2016,928,003A2D92,0,1,1,4294967295,0,0
colizao,2016,960,0005AEB3,0,1,1,4294967295,0,0
colizao,2048,960,0003A89D,0,1,1,4294967295,0,0
colizao,2080,960,00200216,0,1,1,4294967295,0,0
colizao,2080,992,002932A5,0,1,1,4294967295,0,0
colizao,2112,992,000172F4,0,1,1,4294967295,0,0
colizao,2144,992,0019F2F8,0,1,1,4294967295,0,0
colizao,2176,992,0027C94C,0,1,1,4294967295,0,0
colizao,2208,992,000DE015,0,1,1,4294967295,0,0
colizao,2240,992,003AFED9,0,1,1,4294967295,0,0
colizao,2240,1024,0035CD79,0,1,1,4294967295,0,0
colizao,2208,1024,003636E2,0,1,1,4294967295,0,0
colizao,2208,1056,003FA08A,0,1,1,4294967295,0,0
colizao,2176,1056,003722D7,0,1,1,4294967295,0,0
colizao,2144,1056,003CB7C4,0,1,1,4294967295,0,0
colizao,2112,1056,002D87A8,0,1,1,4294967295,0,0
colizao,2112,1088,00190D8B,0,1,1,4294967295,0,0
colizao,2080,1088,001C0F6B,0,1,1,4294967295,0,0
colizao,2048,1088,002FECBC,0,1,1,4294967295,0,0
colizao,2016,1088,00136D86,0,1,1,4294967295,0,0
colizao,2016,1120,0024D78D,0,1,1,4294967295,0,0
colizao,1984,1120,00312D30,0,1,1,4294967295,0,0
colizao,1952,1120,000A3F6E,0,1,1,4294967295,0,0
colizao,1920,1120,003344A5,0,1,1,4294967295,0,0
colizao,1888,1120,0001B6AD,0,1,1,4294967295,0,0
colizao,1888,1152,0009A5CC,0,1,1,4294967295,0,0
colizao,1856,1152,0035F17D,0,1,1,4294967295,0,0
colizao,1824,1152,0033AD09,0,1,1,4294967295,0,0
colizao,1824,1184,00116657,0,1,1,4294967295,0,0
colizao,1792,1184,0013A838,0,1,1,4294967295,0,0
colizao,1760,1184,002ACB72,0,1,1,4294967295,0,0
colizao,1728,1184,0001BFDD,0,1,1,4294967295,0,0
colizao,1696,1216,0005F2D4,0,1,1,4294967295,0,0
colizao,1664,1216,000D4713,0,1,1,4294967295,0,0
colizao,1632,1216,001CF036,0,1,1,4294967295,0,0
colizao,1632,1248,003E4841,0,1,1,4294967295,0,0
colizao,1600,1248,003EF9D2,0,1,1,4294967295,0,0
colizao,1568,1248,003C7B9F,0,1,1,4294967295,0,0
colizao,1568,1280,00293401,0,1,1,4294967295,0,0
colizao,1536,1280,0029C0FD,0,1,1,4294967295,0,0
colizao,1504,1280,002B6762,0,1,1,4294967295,0,0
colizao,1472,1280,000B4FE5,0,1,1,4294967295,0,0
colizao,1472,1312,00055669,0,1,1,4294967295,0,0
colizao,1440,1312,0025FF1C,0,1,1,4294967295,0,0
colizao,1408,1312,0001BBF5,0,1,1,4294967295,0,0
colizao,1376,1312,0005DE7B,0,1,1,4294967295,0,0
colizao,1376,1344,00080BD2,0,1,1,4294967295,0,0
colizao,1344,1344,0022DF1E,0,1,1,4294967295,0,0
colizao,1312,1344,002388D7,0,1,1,4294967295,0,0
colizao,1280,1344,0039587E,0,1,1,4294967295,0,0
colizao,1248,1344,002811EB,0,1,1,4294967295,0,0
colizao,1248,1376,002BE1E5,0,1,1,4294967295,0,0
colizao,1216,1376,00194907,0,1,1,4294967295,0,0
colizao,1184,1376,0010C543,0,1,1,4294967295,0,0
colizao,1152,1376,0028E48B,0,1,1,4294967295,0,0
colizao,1120,1408,00125C03,0,1,1,4294967295,0,0
colizao,1088,1408,0024ED2B,0,1,1,4294967295,0,0
colizao,1088,1440,0016EF19,0,1,1,4294967295,0,0
colizao,1056,1440,00373F38,0,1,1,4294967295,0,0
colizao,1024,1440,00053E03,0,1,1,4294967295,0,0
colizao,1024,1472,00304570,0,1,1,4294967295,0,0
colizao,992,1472,000E49F3,0,1,1,4294967295,0,0
colizao,960,1472,0006432A,0,1,1,4294967295,0,0
colizao,928,1472,00335ADA,0,1,1,4294967295,0,0
colizao,896,1472,0036E29D,0,1,1,4294967295,0,0
colizao,896,1504,002D6B58,0,1,1,4294967295,0,0
colizao,864,1504,00145498,0,1,1,4294967295,0,0
colizao,832,1504,0027F0A1,0,1,1,4294967295,0,0
colizao,832,1536,00141959,0,1,1,4294967295,0,0
colizao,800,1536,0011043E,0,1,1,4294967295,0,0
colizao,768,1536,00050704,0,1,1,4294967295,0,0
colizao,736,1536,0022F78F,0,1,1,4294967295,0,0
colizao,704,1536,0031D01A,0,1,1,4294967295,0,0
colizao,704,1536,000F92E2,0,1,1,4294967295,0,0
colizao,704,1568,0019D454,0,1,1,4294967295,0,0
colizao,672,1568,0037855C,0,1,1,4294967295,0,0
colizao,640,1568,001FC7DC,0,1,1,4294967295,0,0
colizao,608,1568,00207076,0,1,1,4294967295,0,0
colizao,576,1568,0016434C,0,1,1,4294967295,0,0
colizao,576,1600,00127C54,0,1,1,4294967295,0,0
colizao,544,1600,0034179E,0,1,1,4294967295,0,0
colizao,512,1600,002175C9,0,1,1,4294967295,0,0
colizao,480,1600,0037AEDB,0,1,1,4294967295,0,0
colizao,448,1600,00194A26,0,1,1,4294967295,0,0
colizao,416,1600,00190A94,0,1,1,4294967295,0,0
colizao,384,1600,0010A297,0,1,1,4294967295,0,0
colizao,352,1600,002F24C8,0,1,1,4294967295,0,0
colizao,320,1600,001B81ED,0,1,1,4294967295,0,0
colizao,288,1600,0009CC57,0,1,1,4294967295,0,0
colizao,256,1600,0020AB73,0,1,1,4294967295,0,0
colizao,256,1632,0024DA0F,0,1,1,4294967295,0,0
colizao,224,1632,002B6CBE,0,1,1,4294967295,0,0
colizao,192,1632,00039D41,0,1,1,4294967295,0,0
colizao,192,1664,001ED4E1,0,1,1,4294967295,0,0
colizao,160,1664,001416DF,0,1,1,4294967295,0,0
colizao,128,1664,0038C7B5,0,1,1,4294967295,0,0
colizao,128,1696,000A0982,0,1,1,4294967295,0,0
colizao,128,1728,003360ED,0,1,1,4294967295,0,0
colizao,128,1760,00258E5E,0,1,1,4294967295,0,0
colizao,96,1760,001E925E,0,1,1,4294967295,0,0
colizao,96,1792,0027A4F2,0,1,1,4294967295,0,0
colizao,96,1824,00104CCE,0,1,1,4294967295,0,0
colizao,128,1824,00391DC9,0,1,1,4294967295,0,0
colizao,128,1856,0022EC4A,0,1,1,4294967295,0,0
colizao,128,1888,00264602,0,1,1,4294967295,0,0
colizao,160,1888,003975DA,0,1,1,4294967295,0,0
colizao,160,1920,0023A46B,0,1,1,4294967295,0,0
colizao,192,1920,00361CE2,0,1,1,4294967295,0,0
colizao,192,1952,000AEAF1,0,1,1,4294967295,0,0
colizao,224,1952,00173A4D,0,1,1,4294967295,0,0
colizao,224,1984,00337A54,0,1,1,4294967295,0,0
colizao,256,1984,00122594,0,1,1,4294967295,0,0
colizao,256,2016,002F00F5,0,1,1,4294967295,0,0
colizao,288,2016,0022BCA7,0,1,1,4294967295,0,0
colizao,288,2048,001C6F92,0,1,1,4294967295,0,0
colizao,320,2048,0029CB6F,0,1,1,4294967295,0,0
colizao,320,2080,00211EDD,0,1,1,4294967295,0,0
colizao,352,2080,0039ED62,0,1,1,4294967295,0,0
colizao,384,2080,0002788F,0,1,1,4294967295,0,0
colizao,384,2112,00227304,0,1,1,4294967295,0,0
colizao,448,2080,000C60D8,0,1,1,4294967295,0,0
colizao,480,2112,0008F787,0,1,1,4294967295,0,0
colizao,512,2112,00221F73,0,1,1,4294967295,0,0
colizao,512,2144,002DC0E1,0,1,1,4294967295,0,0
colizao,544,2144,002C6751,0,1,1,4294967295,0,0
colizao,544,2176,003E9F95,0,1,1,4294967295,0,0
colizao,576,2176,002AEE75,0,1,1,4294967295,0,0
colizao,608,2176,001C3FD6,0,1,1,4294967295,0,0
colizao,608,2208,002B0CF1,0,1,1,4294967295,0,0
colizao,640,2208,000D9237,0,1,1,4294967295,0,0
colizao,640,2240,0030F033,0,1,1,4294967295,0,0
colizao,672,2240,001C7515,0,1,1,4294967295,0,0
colizao,704,2240,0014B210,0,1,1,4294967295,0,0
colizao,704,2272,001BD146,0,1,1,4294967295,0,0
colizao,736,2272,0024DB33,0,1,1,4294967295,0,0
colizao,768,2272,002204B4,0,1,1,4294967295,0,0
colizao,800,2304,001B036E,0,1,1,4294967295,0,0
colizao,832,2304,003B6042,0,1,1,4294967295,0,0
colizao,832,2336,00187126,0,1,1,4294967295,0,0
colizao,864,2336,000634F1,0,1,1,4294967295,0,0
colizao,896,2336,00326747,0,1,1,4294967295,0,0
colizao,896,2368,002C63C9,0,1,1,4294967295,0,0
colizao,2144,3072,0020C0BA,0,1,1,4294967295,0,0
colizao,2176,3072,0000638B,0,1,1,4294967295,0,0
colizao,2176,3104,0025BE58,0,1,1,4294967295,0,0
colizao,2208,3104,002C180D,0,1,1,4294967295,0,0
colizao,2240,3104,0039B8E9,0,1,1,4294967295,0,0
colizao,2272,3104,0023F3B0,0,1,1,4294967295,0,0
colizao,2272,3136,000B6158,0,1,1,4294967295,0,0
colizao,2304,3136,00265186,0,1,1,4294967295,0,0
colizao,896,2336,001DFF2E,0,1,1,4294967295,0,0
colizao,896,2368,002419DA,0,1,1,4294967295,0,0
colizao,928,2368,00153687,0,1,1,4294967295,0,0
colizao,960,2368,0033807E,0,1,1,4294967295,0,0
colizao,960,2400,00172ABE,0,1,1,4294967295,0,0
colizao,992,2400,002D6D72,0,1,1,4294967295,0,0
colizao,1024,2400,0007335B,0,1,1,4294967295,0,0
colizao,1056,2432,0017A824,0,1,1,4294967295,0,0
colizao,1184,2496,00166580,0,1,1,4294967295,0,0
colizao,1216,2528,00314E69,0,1,1,4294967295,0,0
colizao,1248,2528,00315E4F,0,1,1,4294967295,0,0
colizao,1280,2528,000BD640,0,1,1,4294967295,0,0
colizao,1280,2560,003BF637,0,1,1,4294967295,0,0
colizao,1312,2560,0014D88F,0,1,1,4294967295,0,0
colizao,1312,2592,00140604,0,1,1,4294967295,0,0
colizao,1344,2592,002620AB,0,1,1,4294967295,0,0
colizao,1344,2624,003DD868,0,1,1,4294967295,0,0
colizao,1376,2624,00018C8E,0,1,1,4294967295,0,0
colizao,1088,2432,002F5142,0,1,1,4294967295,0,0
colizao,1120,2464,0009025F,0,1,1,4294967295,0,0
colizao,1152,2464,00333249,0,1,1,4294967295,0,0
colizao,1408,2624,0025E82C,0,1,1,4294967295,0,0
colizao,1440,2624,00015CD7,0,1,1,4294967295,0,0
colizao,1440,2656,00127482,0,1,1,4294967295,0,0
colizao,1472,2656,0014A959,0,1,1,4294967295,0,0
colizao,1504,2656,000510AB,0,1,1,4294967295,0,0
colizao,1504,2688,0016B3FE,0,1,1,4294967295,0,0
colizao,1536,2688,000D5033,0,1,1,4294967295,0,0
colizao,1536,2720,0016FA6B,0,1,1,4294967295,0,0
colizao,1568,2720,000790B1,0,1,1,4294967295,0,0
colizao,1568,2752,000F15A7,0,1,1,4294967295,0,0
colizao,1600,2752,00011D4F,0,1,1,4294967295,0,0
colizao,1600,2784,0010D0BB,0,1,1,4294967295,0,0
colizao,1632,2784,00064739,0,1,1,4294967295,0,0
colizao,1664,2816,0019E7CB,0,1,1,4294967295,0,0
colizao,1696,2816,0003D5E0,0,1,1,4294967295,0,0
colizao,1696,2848,00316494,0,1,1,4294967295,0,0
colizao,1728,2848,002479C9,0,1,1,4294967295,0,0
colizao,1760,2848,002EF42C,0,1,1,4294967295,0,0
colizao,1792,2880,0005B2E4,0,1,1,4294967295,0,0
colizao,1824,2880,00179A9E,0,1,1,4294967295,0,0
colizao,1856,2880,0013B19D,0,1,1,4294967295,0,0
colizao,1856,2912,0021E917,0,1,1,4294967295,0,0
colizao,1888,2912,001E99A9,0,1,1,4294967295,0,0
colizao,1888,2944,0030FE47,0,1,1,4294967295,0,0
colizao,1920,2944,00343C6C,0,1,1,4294967295,0,0
colizao,1952,2944,003B3EEA,0,1,1,4294967295,0,0
colizao,1952,2976,0032DD07,0,1,1,4294967295,0,0
colizao,1984,2976,000DA754,0,1,1,4294967295,0,0
colizao,2016,2976,000C4536,0,1,1,4294967295,0,0
colizao,2016,3008,000EF790,0,1,1,4294967295,0,0
colizao,2048,3008,00179CF5,0,1,1,4294967295,0,0
colizao,2080,3008,003355D2,0,1,1,4294967295,0,0
colizao,2112,3040,002B4E76,0,1,1,4294967295,0,0
colizao,2144,3040,00214EAD,0,1,1,4294967295,0,0
colizao,2176,3040,002DBA56,0,1,1,4294967295,0,0
colizao,2208,3040,003ABABD,0,1,1,4294967295,0,0
colizao,2208,3072,0010C9CB,0,1,1,4294967295,0,0
colizao,2240,3072,002D7882,0,1,1,4294967295,0,0
colizao,2272,3072,0037E1AA,0,1,1,4294967295,0,0
colizao,2272,3104,0021A425,0,1,1,4294967295,0,0
colizao,2336,3136,000DB012,0,1,1,4294967295,0,0
colizao,2368,3136,00001089,0,1,1,4294967295,0,0
colizao,2400,3136,0006B213,0,1,1,4294967295,0,0
colizao,2432,3136,003FF3E1,0,1,1,4294967295,0,0
colizao,2464,3136,0018418B,0,1,1,4294967295,0,0
colizao,2496,3136,001D1D9C,0,1,1,4294967295,0,0
colizao,2528,3136,001FEEC5,0,1,1,4294967295,0,0
colizao,2560,3136,0022ABD4,0,1,1,4294967295,0,0
colizao,2592,3136,0026093C,0,1,1,4294967295,0,0
colizao,2592,3104,003A7A75,0,1,1,4294967295,0,0
colizao,2624,3104,00152BB1,0,1,1,4294967295,0,0
colizao,2624,3072,0024586D,0,1,1,4294967295,0,0
colizao,2624,3040,002908C9,0,1,1,4294967295,0,0
colizao,2624,3008,002ECB2F,0,1,1,4294967295,0,0
colizao,2624,2976,0017265A,0,1,1,4294967295,0,0
colizao,2624,2944,001F8FB6,0,1,1,4294967295,0,0
colizao,2624,2912,001F8916,0,1,1,4294967295,0,0
colizao,2624,2880,003C8BFA,0,1,1,4294967295,0,0
colizao,2624,2848,001673C4,0,1,1,4294967295,0,0
colizao,2592,2848,00341028,0,1,1,4294967295,0,0
colizao,2560,2848,00358E99,0,1,1,4294967295,0,0
colizao,2528,2848,0033A40D,0,1,1,4294967295,0,0
colizao,2496,2848,001C9AD8,0,1,1,4294967295,0,0
colizao,2432,2848,001D9706,0,1,1,4294967295,0,0
colizao,2400,2848,0005E363,0,1,1,4294967295,0,0
colizao,2368,2848,00379DB7,0,1,1,4294967295,0,0
colizao,2336,2848,00129B44,0,1,1,4294967295,0,0
colizao,2368,2848,0032DFBD,0,1,1,4294967295,0,0
colizao,2400,2848,001D35D6,0,1,1,4294967295,0,0
colizao,2432,2848,0001FDD8,0,1,1,4294967295,0,0
colizao,2464,2848,003D4F3A,0,1,1,4294967295,0,0
colizao,2304,2848,002B7885,0,1,1,4294967295,0,0
colizao,2272,2848,00280FED,0,1,1,4294967295,0,0
colizao,2240,2848,000F8EE7,0,1,1,4294967295,0,0
colizao,2208,2848,0003F4D3,0,1,1,4294967295,0,0
colizao,2144,2784,00246811,0,1,1,4294967295,0,0
colizao,2112,2784,0011A617,0,1,1,4294967295,0,0
colizao,2112,2752,002E8F81,0,1,1,4294967295,0,0
colizao,2080,2752,002DA4A2,0,1,1,4294967295,0,0
colizao,2080,2720,00227455,0,1,1,4294967295,0,0
colizao,2048,2720,001E1376,0,1,1,4294967295,0,0
colizao,2016,2720,003E22ED,0,1,1,4294967295,0,0
colizao,2016,2688,000325E7,0,1,1,4294967295,0,0
colizao,1984,2688,00275D38,0,1,1,4294967295,0,0
colizao,1984,2656,001F2645,0,1,1,4294967295,0,0
colizao,1952,2656,0036C582,0,1,1,4294967295,0,0
colizao,1920,2656,002832E1,0,1,1,4294967295,0,0
colizao,1920,2624,003C5B47,0,1,1,4294967295,0,0
colizao,1888,2624,0035762D,0,1,1,4294967295,0,0
colizao,1856,2624,00278496,0,1,1,4294967295,0,0
colizao,1856,2592,0036F4B4,0,1,1,4294967295,0,0
colizao,1824,2592,00248C2D,0,1,1,4294967295,0,0
colizao,1824,2560,0019672F,0,1,1,4294967295,0,0
colizao,1792,2560,0022F43C,0,1,1,4294967295,0,0
colizao,1792,2528,000EAFA7,0,1,1,4294967295,0,0
colizao,1760,2528,003BFE77,0,1,1,4294967295,0,0
colizao,1728,2528,003ECDE9,0,1,1,4294967295,0,0
colizao,1728,2496,0026EF39,0,1,1,4294967295,0,0
colizao,1696,2496,0007438F,0,1,1,4294967295,0,0
colizao,2144,2784,00128641,0,1,1,4294967295,0,0
colizao,2176,2784,002D05CD,0,1,1,4294967295,0,0
colizao,2176,2816,001A3F6D,0,1,1,4294967295,0,0
colizao,2208,2816,00108850,0,1,1,4294967295,0,0
colizao,1664,2496,002B636C,0,1,1,4294967295,0,0
colizao,1632,2464,00011ED4,0,1,1,4294967295,0,0
colizao,1600,2464,000B5EC5,0,1,1,4294967295,0,0
colizao,1600,2432,0017254C,0,1,1,4294967295,0,0
colizao,1568,2432,000D1B51,0,1,1,4294967295,0,0
colizao,1536,2432,001387BE,0,1,1,4294967295,0,0
colizao,1504,2432,002ABBE2,0,1,1,4294967295,0,0
colizao,1504,2400,001419BD,0,1,1,4294967295,0,0
colizao,1472,2400,002CEFD8,0,1,1,4294967295,0,0
colizao,1472,2368,0011AC1F,0,1,1,4294967295,0,0
colizao,1440,2368,000AFF3B,0,1,1,4294967295,0,0
colizao,1408,2368,003E7B26,0,1,1,4294967295,0,0
colizao,1408,2336,00005AF9,0,1,1,4294967295,0,0
colizao,1376,2336,002D75E2,0,1,1,4294967295,0,0
colizao,1344,2336,000583B5,0,1,1,4294967295,0,0
colizao,1344,2304,00250B64,0,1,1,4294967295,0,0
colizao,1312,2304,0020641E,0,1,1,4294967295,0,0
colizao,1280,2304,000CDC6D,0,1,1,4294967295,0,0
colizao,1248,2272,0028E09E,0,1,1,4294967295,0,0
colizao,1216,2272,000A63F5,0,1,1,4294967295,0,0
colizao,1216,2240,0028833F,0,1,1,4294967295,0,0
colizao,1184,2240,003DD26C,0,1,1,4294967295,0,0
colizao,1152,2240,00306B3E,0,1,1,4294967295,0,0
colizao,1120,2208,0025D7D3,0,1,1,4294967295,0,0
colizao,1088,2208,001CC340,0,1,1,4294967295,0,0
colizao,1088,2176,0036EA8D,0,1,1,4294967295,0,0
colizao,1056,2176,000F2CCB,0,1,1,4294967295,0,0
colizao,1056,2144,000286FC,0,1,1,4294967295,0,0
colizao,1024,2144,0024578B,0,1,1,4294967295,0,0
colizao,1024,2112,000BAD15,0,1,1,4294967295,0,0
colizao,992,2112,00284C54,0,1,1,4294967295,0,0
colizao,960,2112,0005E901,0,1,1,4294967295,0,0
colizao,928,2112,003D7A2A,0,1,1,4294967295,0,0
colizao,928,2080,003D6243,0,1,1,4294967295,0,0
colizao,896,2080,001EB656,0,1,1,4294967295,0,0
colizao,864,2080,002F4E95,0,1,1,4294967295,0,0
colizao,864,2048,001DCB7E,0,1,1,4294967295,0,0
colizao,832,2048,0027DF9F,0,1,1,4294967295,0,0
colizao,800,2048,003B7763,0,1,1,4294967295,0,0
colizao,800,2016,003C00D8,0,1,1,4294967295,0,0
colizao,768,2016,00030E0A,0,1,1,4294967295,0,0
colizao,736,2016,001F02E1,0,1,1,4294967295,0,0
colizao,736,1984,002FF4BE,0,1,1,4294967295,0,0
colizao,704,1984,0025D581,0,1,1,4294967295,0,0
colizao,672,1984,000486B5,0,1,1,4294967295,0,0
colizao,640,1984,0013DE22,0,1,1,4294967295,0,0
colizao,640,1952,00147332,0,1,1,4294967295,0,0
colizao,608,1952,00022100,0,1,1,4294967295,0,0
colizao,576,1920,000A6634,0,1,1,4294967295,0,0
colizao,544,1920,0036AB78,0,1,1,4294967295,0,0
colizao,544,1888,0009E90D,0,1,1,4294967295,0,0
colizao,512,1888,0018F76F,0,1,1,4294967295,0,0
colizao,480,1888,001DE562,0,1,1,4294967295,0,0
colizao,480,1856,00109B43,0,1,1,4294967295,0,0
colizao,512,1856,003C0B68,0,1,1,4294967295,0,0
colizao,544,1856,001A818B,0,1,1,4294967295,0,0
colizao,576,1824,0013F923,0,1,1,4294967295,0,0
colizao,576,1856,002908E6,0,1,1,4294967295,0,0
colizao,608,1856,000D3CA7,0,1,1,4294967295,0,0
colizao,608,1824,002C7033,0,1,1,4294967295,0,0
colizao,640,1824,0027612E,0,1,1,4294967295,0,0
colizao,672,1824,000E3888,0,1,1,4294967295,0,0
colizao,704,1824,000B6608,0,1,1,4294967295,0,0
colizao,704,1792,001262F9,0,1,1,4294967295,0,0
colizao,736,1792,00226C24,0,1,1,4294967295,0,0
colizao,768,1792,0038F16C,0,1,1,4294967295,0,0
colizao,768,1760,00115CE4,0,1,1,4294967295,0,0
colizao,800,1760,000C471E,0,1,1,4294967295,0,0
colizao,832,1760,000EBE99,0,1,1,4294967295,0,0
colizao,832,1728,00014568,0,1,1,4294967295,0,0
colizao,864,1728,001715DD,0,1,1,4294967295,0,0
colizao,896,1728,000DEF16,0,1,1,4294967295,0,0
colizao,928,1728,002B9B3E,0,1,1,4294967295,0,0
colizao,928,1696,003D1BB8,0,1,1,4294967295,0,0
colizao,960,1696,0037C6B6,0,1,1,4294967295,0,0
colizao,992,1696,0009ECFC,0,1,1,4294967295,0,0
colizao,1024,1696,003DC171,0,1,1,4294967295,0,0
colizao,1024,1664,001BDEFD,0,1,1,4294967295,0,0
colizao,1056,1664,0009150E,0,1,1,4294967295,0,0
colizao,1088,1664,00155176,0,1,1,4294967295,0,0
colizao,1088,1632,001DFF3F,0,1,1,4294967295,0,0
colizao,1120,1632,003BAC5C,0,1,1,4294967295,0,0
colizao,1152,1632,003196B9,0,1,1,4294967295,0,0
colizao,1184,1632,003B2105,0,1,1,4294967295,0,0
colizao,1184,1600,003801CF,0,1,1,4294967295,0,0
colizao,1216,1600,0029D951,0,1,1,4294967295,0,0
colizao,1248,1600,0032E59B,0,1,1,4294967295,0,0
colizao,1280,1600,0026AB7D,0,1,1,4294967295,0,0
colizao,1280,1568,003A71CF,0,1,1,4294967295,0,0
colizao,1312,1568,0028CCDB,0,1,1,4294967295,0,0
colizao,1344,1568,003B01AB,0,1,1,4294967295,0,0
colizao,1344,1536,001D69AF,0,1,1,4294967295,0,0
colizao,1376,1536,000FEC18,0,1,1,4294967295,0,0
colizao,1408,1536,00122FB5,0,1,1,4294967295,0,0
colizao,1408,1504,0010481E,0,1,1,4294967295,0,0
colizao,1440,1504,000BC52A,0,1,1,4294967295,0,0
colizao,1472,1504,000059DE,0,1,1,4294967295,0,0
colizao,1504,1504,0009B2BD,0,1,1,4294967295,0,0
colizao,1536,1504,000881EA,0,1,1,4294967295,0,0
colizao,1536,1472,003FCF76,0,1,1,4294967295,0,0
colizao,1568,1472,002DE18B,0,1,1,4294967295,0,0
colizao,1600,1472,003C55C1,0,1,1,4294967295,0,0
colizao,1632,1472,00018915,0,1,1,4294967295,0,0
colizao,1664,1472,0034E128,0,1,1,4294967295,0,0
colizao,1696,1472,00314AA4,0,1,1,4294967295,0,0
colizao,1696,1440,003BCEF0,0,1,1,4294967295,0,0
colizao,1728,1440,002AC467,0,1,1,4294967295,0,0
colizao,1760,1440,002C68D1,0,1,1,4294967295,0,0
colizao,1792,1440,002A5080,0,1,1,4294967295,0,0
colizao,1824,1440,00177322,0,1,1,4294967295,0,0
colizao,1824,1408,0036AC24,0,1,1,4294967295,0,0
colizao,1856,1408,0014C872,0,1,1,4294967295,0,0
colizao,1888,1408,0023670A,0,1,1,4294967295,0,0
colizao,1888,1376,001E2FAD,0,1,1,4294967295,0,0
colizao,1920,1376,0022E435,0,1,1,4294967295,0,0
colizao,1952,1376,001A1DF5,0,1,1,4294967295,0,0
colizao,1984,1376,003EAFE5,0,1,1,4294967295,0,0
colizao,2016,1376,00096BB3,0,1,1,4294967295,0,0
colizao,2016,1344,000F1949,0,1,1,4294967295,0,0
colizao,2048,1344,0004C615,0,1,1,4294967295,0,0
colizao,2080,1344,002D752D,0,1,1,4294967295,0,0
colizao,2112,1344,0022AEA5,0,1,1,4294967295,0,0
colizao,2112,1312,002ECBFB,0,1,1,4294967295,0,0
colizao,2144,1312,001FA42D,0,1,1,4294967295,0,0
colizao,2176,1312,00077C97,0,1,1,4294967295,0,0
colizao,2208,1312,003E6BEF,0,1,1,4294967295,0,0
colizao,2240,1312,00305130,0,1,1,4294967295,0,0
colizao,2240,1280,00294B2D,0,1,1,4294967295,0,0
colizao,2272,1280,00228D50,0,1,1,4294967295,0,0
colizao,2304,1280,003F142B,0,1,1,4294967295,0,0
colizao,2304,1248,00062DAB,0,1,1,4294967295,0,0
colizao,2336,1248,002B54C1,0,1,1,4294967295,0,0
colizao,2368,1248,001D61B1,0,1,1,4294967295,0,0
colizao,2368,1216,001D2D1F,0,1,1,4294967295,0,0
colizao,2400,1216,000B89B1,0,1,1,4294967295,0,0
colizao,2432,1216,001B6E6D,0,1,1,4294967295,0,0
colizao,2464,1216,00246464,0,1,1,4294967295,0,0
colizao,2464,1184,000410D3,0,1,1,4294967295,0,0
colizao,2496,1184,000E39B9,0,1,1,4294967295,0,0
colizao,2528,1184,003F5009,0,1,1,4294967295,0,0
colizao,2560,1184,003E8BA1,0,1,1,4294967295,0,0
colizao,2560,1152,0021E701,0,1,1,4294967295,0,0
colizao,2592,1152,001C8EF6,0,1,1,4294967295,0,0
colizao,2624,1152,00181E42,0,1,1,4294967295,0,0
colizao,2656,1120,0007FED1,0,1,1,4294967295,0,0
colizao,2688,1120,0019C5D8,0,1,1,4294967295,0,0
colizao,2720,1088,003EC39F,0,1,1,4294967295,0,0
colizao,2720,1056,00311596,0,1,1,4294967295,0,0
colizao,2752,1024,000EDE87,0,1,1,4294967295,0,0
colizao,2784,1024,0019367F,0,1,1,4294967295,0,0
colizao,2784,992,00181C25,0,1,1,4294967295,0,0
colizao,2816,992,003119ED,0,1,1,4294967295,0,0
colizao,2816,960,000FE01C,0,1,1,4294967295,0,0
colizao,2816,928,001C427B,0,1,1,4294967295,0,0
colizao,2784,928,003CBF6B,0,1,1,4294967295,0,0
colizao,2784,896,002DF7ED,0,1,1,4294967295,0,0
colizao,2752,896,002C8AA5,0,1,1,4294967295,0,0
colizao,2752,864,0001F98E,0,1,1,4294967295,0,0
colizao,2720,864,001182E0,0,1,1,4294967295,0,0
colizao,2688,864,00027E82,0,1,1,4294967295,0,0
colizao,2656,864,0038A2D3,0,1,1,4294967295,0,0
colizao,2624,864,00201563,0,1,1,4294967295,0,0
colizao,2624,832,002988E8,0,1,1,4294967295,0,0
colizao,2592,864,00022E43,0,1,1,4294967295,0,0
colizao,2560,864,0015134E,0,1,1,4294967295,0,0
colizao,2528,864,001234A4,0,1,1,4294967295,0,0
colizao,2496,864,00129738,0,1,1,4294967295,0,0
colizao,2464,864,002E4E25,0,1,1,4294967295,0,0
colizao,2432,864,001A3641,0,1,1,4294967295,0,0
colizao,2432,832,00188111,0,1,1,4294967295,0,0
colizao,2400,832,0024B6E9,0,1,1,4294967295,0,0
colizao,2368,832,0025E093,0,1,1,4294967295,0,0
colizao,2336,832,0022E733,0,1,1,4294967295,0,0
colizao,2304,832,001F4971,0,1,1,4294967295,0,0
colizao,2304,800,00281D7F,0,1,1,4294967295,0,0
colizao,2272,800,0017C87E,0,1,1,4294967295,0,0
colizao,2240,800,001E98F2,0,1,1,4294967295,0,0
colizao,2208,800,0022AFC4,0,1,1,4294967295,0,0
colizao,2208,768,000228D1,0,1,1,4294967295,0,0
colizao,2176,768,000B238D,0,1,1,4294967295,0,0
colizao,2144,768,001B2380,0,1,1,4294967295,0,0
colizao,2144,736,002B74AB,0,1,1,4294967295,0,0
colizao,2112,736,0021E30E,0,1,1,4294967295,0,0
colizao,2080,736,0027D200,0,1,1,4294967295,0,0
colizao,2048,704,00099518,0,1,1,4294967295,0,0
colizao,2016,704,00343898,0,1,1,4294967295,0,0
colizao,2016,672,00356D15,0,1,1,4294967295,0,0
colizao,1984,672,00342C62,0,1,1,4294967295,0,0
colizao,1984,640,0011F28C,0,1,1,4294967295,0,0
colizao,1952,640,00165570,0,1,1,4294967295,0,0
colizao,1952,608,0007A09A,0,1,1,4294967295,0,0
colizao,1920,608,0010E4AF,0,1,1,4294967295,0,0
colizao,1920,576,00176031,0,1,1,4294967295,0,0
colizao,1888,576,002E14AC,0,1,1,4294967295,0,0
colizao,1888,544,002E4D7B,0,1,1,4294967295,0,0
colizao,1856,544,0008C648,0,1,1,4294967295,0,0
colizao,1856,512,00219A7B,0,1,1,4294967295,0,0
colizao,1824,512,00327401,0,1,1,4294967295,0,0
colizao,1792,512,00013FBD,0,1,1,4294967295,0,0
colizao,1760,512,001A619B,0,1,1,4294967295,0,0
colizao,1760,480,002D1395,0,1,1,4294967295,0,0
colizao,1728,480,0013BC96,0,1,1,4294967295,0,0
colizao,1696,480,002D3976,0,1,1,4294967295,0,0
colizao,1664,480,0034D6EE,0,1,1,4294967295,0,0
colizao,1632,480,0035A250,0,1,1,4294967295,0,0
colizao,1632,448,003CFB0D,0,1,1,4294967295,0,0
colizao,1600,448,00331312,0,1,1,4294967295,0,0
colizao,1568,448,002D61B4,0,1,1,4294967295,0,0
colizao,1568,416,001E5A2B,0,1,1,4294967295,0,0
colizao,1536,416,00262680,0,1,1,4294967295,0,0
colizao,1504,416,000846DF,0,1,1,4294967295,0,0
colizao,1472,416,00054D98,0,1,1,4294967295,0,0
colizao,1472,384,002A5511,0,1,1,4294967295,0,0
colizao,1440,384,003B8F19,0,1,1,4294967295,0,0
colizao,1440,352,000D7178,0,1,1,4294967295,0,0
colizao,1408,352,0026F177,0,1,1,4294967295,0,0
colizao,1408,320,00073486,0,1,1,4294967295,0,0
colizao,1376,320,0021CDD7,0,1,1,4294967295,0,0
colizao,1344,320,0026AA68,0,1,1,4294967295,0,0
colizao,1312,320,000EF831,0,1,1,4294967295,0,0
colizao,1312,288,00005B51,0,1,1,4294967295,0,0
colizao,1280,288,003CE7C5,0,1,1,4294967295,0,0
colizao,1248,288,001310CF,0,1,1,4294967295,0,0
colizao,1248,256,002E5121,0,1,1,4294967295,0,0
colizao,1216,256,00394407,0,1,1,4294967295,0,0
colizao,1184,256,00229166,0,1,1,4294967295,0,0
colizao,1184,224,002D9D6D,0,1,1,4294967295,0,0
colizao,1152,224,00140AC8,0,1,1,4294967295,0,0
colizao,1120,224,00246B27,0,1,1,4294967295,0,0
colizao,1088,224,003D9170,0,1,1,4294967295,0,0
colizao,1088,192,000F6797,0,1,1,4294967295,0,0
colizao,1056,192,000E1A9D,0,1,1,4294967295,0,0
colizao,1024,192,003C0DA8,0,1,1,4294967295,0,0
colizao,992,160,002A0BB1,0,1,1,4294967295,0,0
colizao,960,160,00240333,0,1,1,4294967295,0,0
colizao,960,128,00314F6E,0,1,1,4294967295,0,0
colizao,928,128,000918B2,0,1,1,4294967295,0,0
colizao,896,128,0030D726,0,1,1,4294967295,0,0
colizao,896,96,000415B8,0,1,1,4294967295,0,0
colizao,864,96,00131A09,0,1,1,4294967295,0,0
colizao,864,64,0023D85F,0,1,1,4294967295,0,0
colizao,832,64,000A5B44,0,1,1,4294967295,0,0
colizao,800,64,0008529C,0,1,1,4294967295,0,0
colizao,800,32,000D1D1E,0,1,1,4294967295,0,0
colizao,768,32,001860FD,0,1,1,4294967295,0,0
colizao,736,32,002DD4E5,0,1,1,4294967295,0,0
colizao,704,32,00092113,0,1,1,4294967295,0,0
colizao,704,0,002D34E8,0,1,1,4294967295,0,0
colizao,672,0,003AAC15,0,1,1,4294967295,0,0
colizao,640,0,0035EA71,0,1,1,4294967295,0,0
colizao,608,0,001B4975,0,1,1,4294967295,0,0
colizao,288,32,000C9094,0,1,1,4294967295,0,0
colizao,256,32,00355FA9,0,1,1,4294967295,0,0
colizao,224,32,004022D4,0,1,1,4294967295,0,0
colizao,192,32,002124AA,0,1,1,4294967295,0,0
colizao,128,32,0015748D,0,1,1,4294967295,0,0
colizao,96,32,003CD7A2,0,1,1,4294967295,0,0
colizao,64,32,0030927A,0,1,1,4294967295,0,0
colizao,32,32,001D7390,0,1,1,4294967295,0,0
colizao,0,32,0009FCC3,0,1,1,4294967295,0,0
colizao,32,32,001410C6,0,1,1,4294967295,0,0
colizao,64,32,001C611A,0,1,1,4294967295,0,0
colizao,96,32,0001724B,0,1,1,4294967295,0,0
colizao,128,32,0038EC15,0,1,1,4294967295,0,0
colizao,160,32,002B3B58,0,1,1,4294967295,0,0
chegada,2592,3072,00284352,0,1,1,4294967295,0,0
chegada,2464,2880,00025298,0,1,1,4294967295,0,0
chegada,2496,2880,00119D48,0,1,1,4294967295,0,0
chegada,2528,2880,0025B87F,0,1,1,4294967295,0,0
chegada,2560,2880,003A5280,0,1,1,4294967295,0,0
chegada,2592,2880,000F8D43,0,1,1,4294967295,0,0
chegada,2592,2912,0024D5F9,0,1,1,4294967295,0,0
chegada,2592,2944,00308B31,0,1,1,4294967295,0,0
chegada,2592,2976,002F06D1,0,1,1,4294967295,0,0
chegada,2592,3008,0016E905,0,1,1,4294967295,0,0
chegada,2592,3040,00212E94,0,1,1,4294967295,0,0
chegada,2560,3040,00169442,0,1,1,4294967295,0,0
chegada,2560,3072,000FC31C,0,1,1,4294967295,0,0
chegada,2496,3072,00101270,0,1,1,4294967295,0,0
chegada,2432,3104,003A5A0A,0,1,1,4294967295,0,0
chegada,2464,3072,001A17FC,0,1,1,4294967295,0,0
chegada,2432,2912,0019BB93,0,1,1,4294967295,0,0
chegada,2432,2944,001B18F0,0,1,1,4294967295,0,0
chegada,2400,2976,002BD245,0,1,1,4294967295,0,0
chegada,2400,3008,0022B6E5,0,1,1,4294967295,0,0
chegada,2400,3040,0033CAA8,0,1,1,4294967295,0,0
chegada,2400,3072,000C180C,0,1,1,4294967295,0,0
chegada,2432,3072,0022B3FD,0,1,1,4294967295,0,0
chegada,2432,3040,00261572,0,1,1,4294967295,0,0
chegada,2432,3008,00038797,0,1,1,4294967295,0,0
chegada,2464,3008,0010EB34,0,1,1,4294967295,0,0
chegada,2496,3008,0021F7F8,0,1,1,4294967295,0,0
chegada,2528,3008,003C7604,0,1,1,4294967295,0,0
chegada,2560,3008,00212CC5,0,1,1,4294967295,0,0
chegada,2560,2976,0029614C,0,1,1,4294967295,0,0
chegada,2560,2944,000A72FC,0,1,1,4294967295,0,0
chegada,2560,2912,002400CF,0,1,1,4294967295,0,0
chegada,2464,2912,00349C1A,0,1,1,4294967295,0,0
chegada,2464,2944,003EF21F,0,1,1,4294967295,0,0
chegada,2464,2976,003D9245,0,1,1,4294967295,0,0
chegada,2496,2976,0007C4CD,0,1,1,4294967295,0,0
chegada,2528,2976,00215C94,0,1,1,4294967295,0,0
chegada,2528,2944,00363CDD,0,1,1,4294967295,0,0
chegada,2496,2944,001EC7E4,0,1,1,4294967295,0,0
chegada,2432,2976,002ACC04,0,1,1,4294967295,0,0
chegada,2464,3040,002C02FF,0,1,1,4294967295,0,0
chegada,2496,3040,00257FE3,0,1,1,4294967295,0,0
chegada,2528,3040,0010E9C8,0,1,1,4294967295,0,0
chegada,2528,3072,002B0BAF,0,1,1,4294967295,0,0
chegada,2560,3104,001804B5,0,1,1,4294967295,0,0
chegada,2528,3104,002A74AF,0,1,1,4294967295,0,0
chegada,2496,3104,000ED801,0,1,1,4294967295,0,0
chegada,2464,3104,0021B8CF,0,1,1,4294967295,0,0
chegada,2496,2912,001019C9,0,1,1,4294967295,0,0
chegada,2528,2912,002AE432,0,1,1,4294967295,0,0
chegada,2528,2944,001C4183,0,1,1,4294967295,0,0
chegada,2528,2976,00302AC5,0,1,1,4294967295,0,0
chegada,2528,3008,0034AD62,0,1,1,4294967295,0,0
chegada,2528,3040,001BA0EF,0,1,1,4294967295,0,0
chegada,2528,3072,0012C263,0,1,1,4294967295,0,0
chegada,2496,3072,001E2159,0,1,1,4294967295,0,0
chegada,2528,3072,0000AFA9,0,1,1,4294967295,0,0
chegada,2560,3072,00384024,0,1,1,4294967295,0,0
chegada,2592,3072,0023DBCF,0,1,1,4294967295,0,0
chegada,2560,3040,003DC5FF,0,1,1,4294967295,0,0
chegada,2592,3040,00069512,0,1,1,4294967295,0,0
chegada,2464,3040,00256D91,0,1,1,4294967295,0,0
chegada,2496,3040,0034B3DA,0,1,1,4294967295,0,0
chegada,2464,3072,00148020,0,1,1,4294967295,0,0
chegada,2496,3008,000DDB48,0,1,1,4294967295,0,0
chegada,2464,3008,000C4277,0,1,1,4294967295,0,0
chegada,2464,2976,000CD0A1,0,1,1,4294967295,0,0
chegada,2496,2976,0021931E,0,1,1,4294967295,0,0
chegada,2496,2944,00377E51,0,1,1,4294967295,0,0
chegada,2464,2944,00058AB8,0,1,1,4294967295,0,0
chegada,2560,2944,001E8ED4,0,1,1,4294967295,0,0
chegada,2560,2944,001E1DAF,0,1,1,4294967295,0,0
chegada,2592,2944,0012B132,0,1,1,4294967295,0,0
chegada,2592,2976,000265C9,0,1,1,4294967295,0,0
chegada,2592,3008,003D58F2,0,1,1,4294967295,0,0
chegada,2560,2976,0030B3ED,0,1,1,4294967295,0,0
chegada,2560,2976,0025E334,0,1,1,4294967295,0,0
chegada,2560,3008,002D3DD1,0,1,1,4294967295,0,0
chegada,2368,3104,002CFE22,0,1,1,4294967295,0,0
chegada,2336,3104,0011FDA9,0,1,1,4294967295,0,0
chegada,2304,3104,0034B1F1,0,1,1,4294967295,0,0
chegada,2304,3072,000C2B88,0,1,1,4294967295,0,0
chegada,2336,3072,003F28CD,0,1,1,4294967295,0,0
chegada,2336,3040,0039E957,0,1,1,4294967295,0,0
chegada,2336,3008,00285B85,0,1,1,4294967295,0,0
chegada,2336,2976,0003D0A4,0,1,1,4294967295,0,0
chegada,2336,2944,0003BF57,0,1,1,4294967295,0,0
chegada,2368,2944,003300FA,0,1,1,4294967295,0,0
chegada,2368,2912,0005B260,0,1,1,4294967295,0,0
chegada,2400,2880,001FF795,0,1,1,4294967295,0,0
chegada,2432,2880,0028E268,0,1,1,4294967295,0,0
chegada,2400,2912,000D8B0D,0,1,1,4294967295,0,0
chegada,2400,2944,0030F7F1,0,1,1,4294967295,0,0
chegada,2368,2976,00216DFC,0,1,1,4294967295,0,0
chegada,2368,3008,00294DE7,0,1,1,4294967295,0,0
chegada,2368,3040,003028A8,0,1,1,4294967295,0,0
chegada,2368,3072,000C717F,0,1,1,4294967295,0,0
chegada,2400,3104,001B4F12,0,1,1,4294967295,0,0
chegada,2368,2880,00095039,0,1,1,4294967295,0,0
chegada,2336,2880,00199592,0,1,1,4294967295,0,0
chegada,2336,2912,001673AB,0,1,1,4294967295,0,0
chegada,2304,3040,00392E2D,0,1,1,4294967295,0,0
chegada,2304,3008,0022A719,0,1,1,4294967295,0,0
chegada,2304,2976,003B2C7B,0,1,1,4294967295,0,0
chegada,2304,2912,002DB2A3,0,1,1,4294967295,0,0
Player_Horse,768,192,00199929,0,1,1,4294967295,0,0
Cavalier_OBJ2,416,0,00177A97,0,1,1,4294967295,0,0
Speed_Radar_Silesia,1088,320,00179127,0,1,1,4294967295,0,0
Speed_Radar_Silesia,1984,800,00018E5B,0,1,1,4294967295,0,0
Speed_Radar_Silesia,2080,1216,003ABA16,0,1,1,4294967295,0,0
Speed_Radar_Silesia,1344,1472,0016FE1E,0,1,1,4294967295,0,0
Speed_Radar_Silesia,768,1664,0030EA9F,0,1,1,4294967295,0,0
Speed_Radar_Silesia,1216,2400,003BBD88,0,1,1,4294967295,0,0
