colizao,128,320,00319C61,0,1,1,4294967295,0,0
colizao,128,352,0016F52A,0,1,1,4294967295,0,0
colizao,160,384,003429A1,0,1,1,4294967295,0,0
colizao,192,384,00303D7B,0,1,1,4294967295,0,0
colizao,224,384,000B895F,0,1,1,4294967295,0,0
colizao,256,384,000F03D1,0,1,1,4294967295,0,0
colizao,288,384,001FA37B,0,1,1,4294967295,0,0
colizao,320,384,000C20C3,0,1,1,4294967295,0,0
colizao,352,384,00104FC2,0,1,1,4294967295,0,0
colizao,384,384,0024B5CC,0,1,1,4294967295,0,0
colizao,416,384,0030CDF5,0,1,1,4294967295,0,0
colizao,448,384,000AB3F2,0,1,1,4294967295,0,0
colizao,480,384,00053BD0,0,1,1,4294967295,0,0
colizao,512,384,0001EBC7,0,1,1,4294967295,0,0
colizao,544,384,00331E1E,0,1,1,4294967295,0,0
colizao,576,384,00308661,0,1,1,4294967295,0,0
colizao,608,384,0023CCF8,0,1,1,4294967295,0,0
colizao,640,384,0022280D,0,1,1,4294967295,0,0
colizao,672,384,000CFE23,0,1,1,4294967295,0,0
colizao,704,384,002C3AE6,0,1,1,4294967295,0,0
colizao,704,352,002E7E7E,0,1,1,4294967295,0,0
colizao,704,320,0039D1AA,0,1,1,4294967295,0,0
colizao,704,288,00398C1B,0,1,1,4294967295,0,0
colizao,704,256,00116B40,0,1,1,4294967295,0,0
colizao,704,224,001FE9CA,0,1,1,4294967295,0,0
colizao,704,192,001B0EA5,0,1,1,4294967295,0,0
colizao,704,160,00260E39,0,1,1,4294967295,0,0
colizao,704,128,0010BAE1,0,1,1,4294967295,0,0
colizao,672,96,0010983A,0,1,1,4294967295,0,0
colizao,640,64,002FF74C,0,1,1,4294967295,0,0
colizao,608,64,00004D75,0,1,1,4294967295,0,0
colizao,576,64,00111754,0,1,1,4294967295,0,0
colizao,544,96,0003486B,0,1,1,4294967295,0,0
colizao,512,64,0033A491,0,1,1,4294967295,0,0
colizao,96,288,000637D7,0,1,1,4294967295,0,0
colizao,96,256,001E367D,0,1,1,4294967295,0,0
colizao,96,224,00173551,0,1,1,4294967295,0,0
colizao,192,192,00298EF0,0,1,1,4294967295,0,0
colizao,224,192,0000C303,0,1,1,4294967295,0,0
colizao,256,192,002DA7DA,0,1,1,4294967295,0,0
colizao,288,160,002E5116,0,1,1,4294967295,0,0
colizao,320,160,001A5E7A,0,1,1,4294967295,0,0
colizao,352,128,00226B5D,0,1,1,4294967295,0,0
colizao,384,128,000E6531,0,1,1,4294967295,0,0
colizao,416,96,0027B549,0,1,1,4294967295,0,0
colizao,448,64,0032F87D,0,1,1,4294967295,0,0
colizao,480,64,000CB3AE,0,1,1,4294967295,0,0
colizao,160,192,00269937,0,1,1,4294967295,0,0
colizao,128,192,001CA5E5,0,1,1,4294967295,0,0
TP_Fergus_corredor3,576,96,002F946A,0,1,1,4294967295,0,0
TP_Fergus_corredor3,640,96,001839FF,0,1,1,4294967295,0,0
TP_Fergus_corredor3,608,96,002F790A,0,1,1,4294967295,0,0
TP_Fergus_corredor3,672,128,001E96C1,0,1,1,4294967295,0,0
player_RE2,320,288,00100FF7,0,1,1,4294967295,0,0
TP_Fergus_corredor2,416,128,0000F3B6,0,1,1,4294967295,0,0
TP_Fergus_corredor2,480,96,0036F69C,0,1,1,4294967295,0,0
TP_Fergus_corredor2,512,96,0005D383,0,1,1,4294967295,0,0
TP_Fergus_corredor2,448,96,001E5139,0,1,1,4294967295,0,0
TP_FERGUS_INDUSTRIES_RE2,128,224,00336833,0,1,1,4294967295,0,0
TP_FERGUS_INDUSTRIES_RE2,128,256,00362DF0,0,1,1,4294967295,0,0
TP_FERGUS_INDUSTRIES_RE2,128,288,0030C3F4,0,1,1,4294967295,0,0
TP_FERGUS_INDUSTRIES_RE2,160,224,00218D54,0,1,1,4294967295,0,0
