player,448,512,0021FF3B,0,1,1,4294967295,0,0
DOOR_NOOBFIELD_EXTERIOR,288,544,0035D4B9,0,1,1,4294967295,0,0
DOOR_NOOBFIELD_EXTERIOR,320,544,00002031,0,1,1,4294967295,0,0
colizao,0,320,002E712B,0,1,1,4294967295,0,0
colizao,32,320,0000BF70,0,1,1,4294967295,0,0
colizao,64,320,0007DA7A,0,1,1,4294967295,0,0
colizao,96,320,001A83D2,0,1,1,4294967295,0,0
colizao,128,320,0037D7E5,0,1,1,4294967295,0,0
colizao,160,320,00006E73,0,1,1,4294967295,0,0
colizao,192,320,001975CE,0,1,1,4294967295,0,0
colizao,224,320,000B0F58,0,1,1,4294967295,0,0
colizao,256,320,0006B059,0,1,1,4294967295,0,0
colizao,288,320,0033E19E,0,1,1,4294967295,0,0
colizao,320,320,002CFFA6,0,1,1,4294967295,0,0
colizao,352,320,00075F0A,0,1,1,4294967295,0,0
colizao,384,320,001FED48,0,1,1,4294967295,0,0
colizao,416,320,003FF7B6,0,1,1,4294967295,0,0
colizao,448,320,0039E070,0,1,1,4294967295,0,0
colizao,480,320,00062EA3,0,1,1,4294967295,0,0
colizao,512,320,002CC837,0,1,1,4294967295,0,0
colizao,544,320,001B55C2,0,1,1,4294967295,0,0
colizao,608,320,00029CED,0,1,1,4294967295,0,0
colizao,640,320,003C73D1,0,1,1,4294967295,0,0
colizao,672,320,0026DB1E,0,1,1,4294967295,0,0
colizao,704,320,00106041,0,1,1,4294967295,0,0
colizao,736,320,003BF252,0,1,1,4294967295,0,0
colizao,768,320,002568B0,0,1,1,4294967295,0,0
colizao,800,320,00015AA2,0,1,1,4294967295,0,0
colizao,832,320,0038AE54,0,1,1,4294967295,0,0
colizao,864,320,00123583,0,1,1,4294967295,0,0
colizao,864,320,003923ED,0,1,1,4294967295,0,0
colizao,896,320,002D144D,0,1,1,4294967295,0,0
colizao,928,320,0039D5CD,0,1,1,4294967295,0,0
colizao,960,320,003A3162,0,1,1,4294967295,0,0
colizao,576,320,0039F309,0,1,1,4294967295,0,0
colizao,128,448,001F04A0,0,1,1,4294967295,0,0
colizao,160,448,001B80EF,0,1,1,4294967295,0,0
colizao,192,448,0033DBB8,0,1,1,4294967295,0,0
colizao,224,448,001E2E1C,0,1,1,4294967295,0,0
colizao,192,416,001A60EB,0,1,1,4294967295,0,0
colizao,224,416,001B7463,0,1,1,4294967295,0,0
colizao,160,416,000D5F34,0,1,1,4294967295,0,0
colizao,128,416,0021AA52,0,1,1,4294967295,0,0
colizao,128,384,000220F8,0,1,1,4294967295,0,0
colizao,192,384,0037525E,0,1,1,4294967295,0,0
colizao,160,384,003247FA,0,1,1,4294967295,0,0
colizao,224,384,001DEDBF,0,1,1,4294967295,0,0
Colton,448,384,001278E7,0,1,1,4294967295,0,0
