colizao,336,48,00388192,0,1,1,4294967295,0,0
colizao,352,64,001178DD,0,1,1,4294967295,0,0
colizao,368,80,003116CA,0,1,1,4294967295,0,0
colizao,384,96,0036246A,0,1,1,4294967295,0,0
colizao,400,112,001E9378,0,1,1,4294967295,0,0
colizao,432,112,0034453D,0,1,1,4294967295,0,0
colizao,448,128,001CD574,0,1,1,4294967295,0,0
colizao,464,144,0005C7DC,0,1,1,4294967295,0,0
colizao,496,144,001FAF23,0,1,1,4294967295,0,0
colizao,512,160,000710B8,0,1,1,4294967295,0,0
colizao,528,176,002423BE,0,1,1,4294967295,0,0
colizao,544,192,002C9532,0,1,1,4294967295,0,0
colizao,576,192,00077F45,0,1,1,4294967295,0,0
colizao,608,192,0019B101,0,1,1,4294967295,0,0
colizao,608,224,002592D5,0,1,1,4294967295,0,0
colizao,640,224,0010CD48,0,1,1,4294967295,0,0
colizao,640,256,000BA951,0,1,1,4294967295,0,0
colizao,672,256,0024E2BB,0,1,1,4294967295,0,0
colizao,704,288,00143CDF,0,1,1,4294967295,0,0
colizao,736,288,00103F61,0,1,1,4294967295,0,0
colizao,768,288,00030C97,0,1,1,4294967295,0,0
colizao,768,320,00201A48,0,1,1,4294967295,0,0
colizao,800,320,000AE146,0,1,1,4294967295,0,0
colizao,832,352,003A0042,0,1,1,4294967295,0,0
colizao,864,352,001A3A8C,0,1,1,4294967295,0,0
colizao,896,352,003FED07,0,1,1,4294967295,0,0
colizao,896,384,002FDC7B,0,1,1,4294967295,0,0
colizao,928,384,001EA7EE,0,1,1,4294967295,0,0
colizao,928,416,00310095,0,1,1,4294967295,0,0
colizao,960,416,00084320,0,1,1,4294967295,0,0
colizao,992,416,0000857B,0,1,1,4294967295,0,0
colizao,992,448,002A96D6,0,1,1,4294967295,0,0
colizao,1024,448,0022877C,0,1,1,4294967295,0,0
colizao,1024,480,00317F90,0,1,1,4294967295,0,0
colizao,1056,480,002E7924,0,1,1,4294967295,0,0
colizao,1088,480,00083B70,0,1,1,4294967295,0,0
colizao,1088,512,0005FA86,0,1,1,4294967295,0,0
colizao,1120,512,00238BE4,0,1,1,4294967295,0,0
colizao,1152,512,003E3993,0,1,1,4294967295,0,0
colizao,1184,512,00242601,0,1,1,4294967295,0,0
colizao,1184,544,00064995,0,1,1,4294967295,0,0
colizao,1216,544,002BFA9B,0,1,1,4294967295,0,0
colizao,1248,544,0037672F,0,1,1,4294967295,0,0
colizao,1248,576,002F11A5,0,1,1,4294967295,0,0
colizao,1280,576,00003AEF,0,1,1,4294967295,0,0
colizao,1312,576,0010EAF3,0,1,1,4294967295,0,0
colizao,1312,608,0036ACEA,0,1,1,4294967295,0,0
colizao,1344,608,0016FD1B,0,1,1,4294967295,0,0
colizao,1376,608,00273203,0,1,1,4294967295,0,0
colizao,1696,800,00026114,0,1,1,4294967295,0,0
colizao,1728,800,000AC8DB,0,1,1,4294967295,0,0
colizao,1728,832,0036B2C6,0,1,1,4294967295,0,0
colizao,1760,832,003CEF13,0,1,1,4294967295,0,0
colizao,1408,608,0030EB90,0,1,1,4294967295,0,0
colizao,1408,640,00150DA2,0,1,1,4294967295,0,0
colizao,1440,640,000DFE1F,0,1,1,4294967295,0,0
colizao,1440,672,003E7F15,0,1,1,4294967295,0,0
colizao,1472,672,0025D33D,0,1,1,4294967295,0,0
colizao,1504,704,0030C071,0,1,1,4294967295,0,0
colizao,1536,704,002AC023,0,1,1,4294967295,0,0
colizao,1536,736,0032C383,0,1,1,4294967295,0,0
colizao,1568,736,000A430F,0,1,1,4294967295,0,0
colizao,1600,736,003C5918,0,1,1,4294967295,0,0
colizao,1632,768,002DFCF7,0,1,1,4294967295,0,0
colizao,1664,768,001AAFCC,0,1,1,4294967295,0,0
colizao,1664,800,00142F0D,0,1,1,4294967295,0,0
colizao,1696,800,00294AA6,0,1,1,4294967295,0,0
colizao,1728,800,00380508,0,1,1,4294967295,0,0
colizao,1728,832,00124D24,0,1,1,4294967295,0,0
colizao,1760,832,0026442D,0,1,1,4294967295,0,0
colizao,1792,832,0009D9CF,0,1,1,4294967295,0,0
colizao,1824,864,00085E21,0,1,1,4294967295,0,0
colizao,1856,864,0000D063,0,1,1,4294967295,0,0
colizao,1888,896,003E8EBE,0,1,1,4294967295,0,0
colizao,1920,896,00240910,0,1,1,4294967295,0,0
colizao,1920,928,0039565B,0,1,1,4294967295,0,0
colizao,1952,928,0008155B,0,1,1,4294967295,0,0
colizao,1984,928,001D11AE,0,1,1,4294967295,0,0
colizao,2016,928,001F9570,0,1,1,4294967295,0,0
colizao,2016,960,00040938,0,1,1,4294967295,0,0
colizao,2048,960,0030D05F,0,1,1,4294967295,0,0
colizao,2080,960,001F869E,0,1,1,4294967295,0,0
colizao,2080,992,0039443D,0,1,1,4294967295,0,0
colizao,2112,992,00195FA9,0,1,1,4294967295,0,0
colizao,2144,992,00235DE2,0,1,1,4294967295,0,0
colizao,2176,992,0019AF21,0,1,1,4294967295,0,0
colizao,2208,992,002DB4E8,0,1,1,4294967295,0,0
colizao,2240,992,00175D58,0,1,1,4294967295,0,0
colizao,2240,1024,000D719B,0,1,1,4294967295,0,0
colizao,2208,1024,000988B5,0,1,1,4294967295,0,0
colizao,2208,1056,0027819D,0,1,1,4294967295,0,0
colizao,2176,1056,00083EF3,0,1,1,4294967295,0,0
colizao,2144,1056,0020C54D,0,1,1,4294967295,0,0
colizao,2112,1056,000F7F0E,0,1,1,4294967295,0,0
colizao,2112,1088,000394F2,0,1,1,4294967295,0,0
colizao,2080,1088,0017EA03,0,1,1,4294967295,0,0
colizao,2048,1088,002B7433,0,1,1,4294967295,0,0
colizao,2016,1088,00262679,0,1,1,4294967295,0,0
colizao,2016,1120,00163CB3,0,1,1,4294967295,0,0
colizao,1984,1120,00045FD0,0,1,1,4294967295,0,0
colizao,1952,1120,0019EAE7,0,1,1,4294967295,0,0
colizao,1920,1120,00251A16,0,1,1,4294967295,0,0
colizao,1888,1120,00244BB7,0,1,1,4294967295,0,0
colizao,1888,1152,001E3E76,0,1,1,4294967295,0,0
colizao,1856,1152,00402814,0,1,1,4294967295,0,0
colizao,1824,1152,002A1C10,0,1,1,4294967295,0,0
colizao,1824,1184,001B3E40,0,1,1,4294967295,0,0
colizao,1792,1184,003843FF,0,1,1,4294967295,0,0
colizao,1760,1184,0017D478,0,1,1,4294967295,0,0
colizao,1728,1184,0011F9F1,0,1,1,4294967295,0,0
colizao,1696,1216,001CADBD,0,1,1,4294967295,0,0
colizao,1664,1216,003CF84B,0,1,1,4294967295,0,0
colizao,1632,1216,0037831D,0,1,1,4294967295,0,0
colizao,1632,1248,003EB4A0,0,1,1,4294967295,0,0
colizao,1600,1248,00043FAB,0,1,1,4294967295,0,0
colizao,1568,1248,002AFBF7,0,1,1,4294967295,0,0
colizao,1568,1280,0009C40B,0,1,1,4294967295,0,0
colizao,1536,1280,00320CBD,0,1,1,4294967295,0,0
colizao,1504,1280,0020FB43,0,1,1,4294967295,0,0
colizao,1472,1280,000BA0DA,0,1,1,4294967295,0,0
colizao,1472,1312,002CF923,0,1,1,4294967295,0,0
colizao,1440,1312,001D2B55,0,1,1,4294967295,0,0
colizao,1408,1312,0025B198,0,1,1,4294967295,0,0
colizao,1376,1312,0006F361,0,1,1,4294967295,0,0
colizao,1376,1344,00207DBD,0,1,1,4294967295,0,0
colizao,1344,1344,000A6E03,0,1,1,4294967295,0,0
colizao,1312,1344,002BC530,0,1,1,4294967295,0,0
colizao,1280,1344,000796CD,0,1,1,4294967295,0,0
colizao,1248,1344,0007ECEB,0,1,1,4294967295,0,0
colizao,1248,1376,00203C77,0,1,1,4294967295,0,0
colizao,1216,1376,002B497D,0,1,1,4294967295,0,0
colizao,1184,1376,0032DE1F,0,1,1,4294967295,0,0
colizao,1152,1376,000C4F62,0,1,1,4294967295,0,0
colizao,1120,1408,0005B63D,0,1,1,4294967295,0,0
colizao,1088,1408,0021F549,0,1,1,4294967295,0,0
colizao,1088,1440,0005B1D8,0,1,1,4294967295,0,0
colizao,1056,1440,003D6834,0,1,1,4294967295,0,0
colizao,1024,1440,000723E4,0,1,1,4294967295,0,0
colizao,1024,1472,002F18E6,0,1,1,4294967295,0,0
colizao,992,1472,003DE4AF,0,1,1,4294967295,0,0
colizao,960,1472,00213660,0,1,1,4294967295,0,0
colizao,928,1472,0020E0A6,0,1,1,4294967295,0,0
colizao,896,1472,003B2283,0,1,1,4294967295,0,0
colizao,896,1504,003AC9C5,0,1,1,4294967295,0,0
colizao,864,1504,00332F33,0,1,1,4294967295,0,0
colizao,832,1504,002F5AF2,0,1,1,4294967295,0,0
colizao,832,1536,0012B35C,0,1,1,4294967295,0,0
colizao,800,1536,00226C2A,0,1,1,4294967295,0,0
colizao,768,1536,001C60E7,0,1,1,4294967295,0,0
colizao,736,1536,000DD1B8,0,1,1,4294967295,0,0
colizao,704,1536,002C836F,0,1,1,4294967295,0,0
colizao,704,1536,0015CEA2,0,1,1,4294967295,0,0
colizao,704,1568,000AA058,0,1,1,4294967295,0,0
colizao,672,1568,003F7C08,0,1,1,4294967295,0,0
colizao,640,1568,001DBF3F,0,1,1,4294967295,0,0
colizao,608,1568,001B4680,0,1,1,4294967295,0,0
colizao,576,1568,00101513,0,1,1,4294967295,0,0
colizao,576,1600,000AA753,0,1,1,4294967295,0,0
colizao,544,1600,0019DAE6,0,1,1,4294967295,0,0
colizao,512,1600,003153AB,0,1,1,4294967295,0,0
colizao,480,1600,000CEF7E,0,1,1,4294967295,0,0
colizao,448,1600,00089DEA,0,1,1,4294967295,0,0
colizao,416,1600,001EDCF7,0,1,1,4294967295,0,0
colizao,384,1600,000C69C5,0,1,1,4294967295,0,0
colizao,352,1600,003259DB,0,1,1,4294967295,0,0
colizao,320,1600,002B4D46,0,1,1,4294967295,0,0
colizao,288,1600,0008BB18,0,1,1,4294967295,0,0
colizao,256,1600,00146DDF,0,1,1,4294967295,0,0
colizao,256,1632,003B8973,0,1,1,4294967295,0,0
colizao,224,1632,001B59F6,0,1,1,4294967295,0,0
colizao,192,1632,001240C1,0,1,1,4294967295,0,0
colizao,192,1664,0000DC9C,0,1,1,4294967295,0,0
colizao,160,1664,000EF155,0,1,1,4294967295,0,0
colizao,128,1664,001793D0,0,1,1,4294967295,0,0
colizao,128,1696,0018A41D,0,1,1,4294967295,0,0
colizao,128,1728,000C23FB,0,1,1,4294967295,0,0
colizao,128,1760,00049FD4,0,1,1,4294967295,0,0
colizao,96,1760,000E3FAB,0,1,1,4294967295,0,0
colizao,96,1792,000B79E4,0,1,1,4294967295,0,0
colizao,96,1824,003C29B1,0,1,1,4294967295,0,0
colizao,128,1824,00200070,0,1,1,4294967295,0,0
colizao,128,1856,003EE6CC,0,1,1,4294967295,0,0
colizao,128,1888,003E97AC,0,1,1,4294967295,0,0
colizao,160,1888,001598A7,0,1,1,4294967295,0,0
colizao,160,1920,001E1AB8,0,1,1,4294967295,0,0
colizao,192,1920,003C2671,0,1,1,4294967295,0,0
colizao,192,1952,00233E68,0,1,1,4294967295,0,0
colizao,224,1952,001E8324,0,1,1,4294967295,0,0
colizao,224,1984,0006F36B,0,1,1,4294967295,0,0
colizao,256,1984,003CE2DD,0,1,1,4294967295,0,0
colizao,256,2016,0004B141,0,1,1,4294967295,0,0
colizao,288,2016,001DB16C,0,1,1,4294967295,0,0
colizao,288,2048,003FEFFE,0,1,1,4294967295,0,0
colizao,320,2048,0032CDF5,0,1,1,4294967295,0,0
colizao,320,2080,0028F390,0,1,1,4294967295,0,0
colizao,352,2080,0020589D,0,1,1,4294967295,0,0
colizao,384,2080,002D2E88,0,1,1,4294967295,0,0
colizao,384,2112,00353968,0,1,1,4294967295,0,0
colizao,448,2080,000FB899,0,1,1,4294967295,0,0
colizao,480,2112,00148C6C,0,1,1,4294967295,0,0
colizao,512,2112,0005FF36,0,1,1,4294967295,0,0
colizao,512,2144,0018CD5A,0,1,1,4294967295,0,0
colizao,544,2144,001911E5,0,1,1,4294967295,0,0
colizao,544,2176,001DD078,0,1,1,4294967295,0,0
colizao,576,2176,0004FB72,0,1,1,4294967295,0,0
colizao,608,2176,002149A3,0,1,1,4294967295,0,0
colizao,608,2208,0024CD03,0,1,1,4294967295,0,0
colizao,640,2208,00150C7B,0,1,1,4294967295,0,0
colizao,640,2240,00365D7F,0,1,1,4294967295,0,0
colizao,672,2240,00053771,0,1,1,4294967295,0,0
colizao,704,2240,0016FE57,0,1,1,4294967295,0,0
colizao,704,2272,0039243A,0,1,1,4294967295,0,0
colizao,736,2272,0032D24F,0,1,1,4294967295,0,0
colizao,768,2272,0012CAE6,0,1,1,4294967295,0,0
colizao,800,2304,0036716C,0,1,1,4294967295,0,0
colizao,832,2304,001FEC41,0,1,1,4294967295,0,0
colizao,832,2336,00274EC6,0,1,1,4294967295,0,0
colizao,864,2336,000C089D,0,1,1,4294967295,0,0
colizao,896,2336,002AA030,0,1,1,4294967295,0,0
colizao,896,2368,000F1D94,0,1,1,4294967295,0,0
colizao,2144,3072,00157908,0,1,1,4294967295,0,0
colizao,2176,3072,002A21EB,0,1,1,4294967295,0,0
colizao,2176,3104,00343678,0,1,1,4294967295,0,0
colizao,2208,3104,002B2F72,0,1,1,4294967295,0,0
colizao,2240,3104,000EB960,0,1,1,4294967295,0,0
colizao,2272,3104,003E873B,0,1,1,4294967295,0,0
colizao,2272,3136,0001FB78,0,1,1,4294967295,0,0
colizao,2304,3136,0001E75A,0,1,1,4294967295,0,0
colizao,896,2336,00379CFE,0,1,1,4294967295,0,0
colizao,896,2368,0000192E,0,1,1,4294967295,0,0
colizao,928,2368,001EB0C4,0,1,1,4294967295,0,0
colizao,960,2368,000562C2,0,1,1,4294967295,0,0
colizao,960,2400,00321E07,0,1,1,4294967295,0,0
colizao,992,2400,001F073B,0,1,1,4294967295,0,0
colizao,1024,2400,00387DFE,0,1,1,4294967295,0,0
colizao,1056,2432,001527F6,0,1,1,4294967295,0,0
colizao,1184,2496,002042FC,0,1,1,4294967295,0,0
colizao,1216,2528,0005C969,0,1,1,4294967295,0,0
colizao,1248,2528,001F73A7,0,1,1,4294967295,0,0
colizao,1280,2528,000DC946,0,1,1,4294967295,0,0
colizao,1280,2560,003AB830,0,1,1,4294967295,0,0
colizao,1312,2560,000ADDCB,0,1,1,4294967295,0,0
colizao,1312,2592,001E6538,0,1,1,4294967295,0,0
colizao,1344,2592,001F98B7,0,1,1,4294967295,0,0
colizao,1344,2624,000B92D0,0,1,1,4294967295,0,0
colizao,1376,2624,00156006,0,1,1,4294967295,0,0
colizao,1088,2432,00248106,0,1,1,4294967295,0,0
colizao,1120,2464,003EAA73,0,1,1,4294967295,0,0
colizao,1152,2464,002F74CB,0,1,1,4294967295,0,0
colizao,1408,2624,00157AB0,0,1,1,4294967295,0,0
colizao,1440,2624,000932F8,0,1,1,4294967295,0,0
colizao,1440,2656,0010B389,0,1,1,4294967295,0,0
colizao,1472,2656,0004B6A7,0,1,1,4294967295,0,0
colizao,1504,2656,00395D53,0,1,1,4294967295,0,0
colizao,1504,2688,00004D10,0,1,1,4294967295,0,0
colizao,1536,2688,000C8D97,0,1,1,4294967295,0,0
colizao,1536,2720,00116340,0,1,1,4294967295,0,0
colizao,1568,2720,0018DA9E,0,1,1,4294967295,0,0
colizao,1568,2752,00243B0B,0,1,1,4294967295,0,0
colizao,1600,2752,000A2F5B,0,1,1,4294967295,0,0
colizao,1600,2784,00250176,0,1,1,4294967295,0,0
colizao,1632,2784,00265ED6,0,1,1,4294967295,0,0
colizao,1664,2816,000E55C4,0,1,1,4294967295,0,0
colizao,1696,2816,001B8181,0,1,1,4294967295,0,0
colizao,1696,2848,001CDE15,0,1,1,4294967295,0,0
colizao,1728,2848,003A7B7C,0,1,1,4294967295,0,0
colizao,1760,2848,00060C4E,0,1,1,4294967295,0,0
colizao,1792,2880,000D039B,0,1,1,4294967295,0,0
colizao,1824,2880,003666AE,0,1,1,4294967295,0,0
colizao,1856,2880,002A8A4D,0,1,1,4294967295,0,0
colizao,1856,2912,0019C934,0,1,1,4294967295,0,0
colizao,1888,2912,0003FF94,0,1,1,4294967295,0,0
colizao,1888,2944,002DBD2F,0,1,1,4294967295,0,0
colizao,1920,2944,0022DCCE,0,1,1,4294967295,0,0
colizao,1952,2944,000BD426,0,1,1,4294967295,0,0
colizao,1952,2976,003B1169,0,1,1,4294967295,0,0
colizao,1984,2976,003AF14E,0,1,1,4294967295,0,0
colizao,2016,2976,000EADC2,0,1,1,4294967295,0,0
colizao,2016,3008,000A2601,0,1,1,4294967295,0,0
colizao,2048,3008,00306041,0,1,1,4294967295,0,0
colizao,2080,3008,00088774,0,1,1,4294967295,0,0
colizao,2112,3040,002B3023,0,1,1,4294967295,0,0
colizao,2144,3040,0035F97C,0,1,1,4294967295,0,0
colizao,2176,3040,002BC47C,0,1,1,4294967295,0,0
colizao,2208,3040,0017448B,0,1,1,4294967295,0,0
colizao,2208,3072,002DD75A,0,1,1,4294967295,0,0
colizao,2240,3072,00135105,0,1,1,4294967295,0,0
colizao,2272,3072,000A3299,0,1,1,4294967295,0,0
colizao,2272,3104,0008146A,0,1,1,4294967295,0,0
colizao,2336,3136,003C76EF,0,1,1,4294967295,0,0
colizao,2368,3136,0009DB05,0,1,1,4294967295,0,0
colizao,2400,3136,0016C038,0,1,1,4294967295,0,0
colizao,2432,3136,00221BD7,0,1,1,4294967295,0,0
colizao,2464,3136,003E5A82,0,1,1,4294967295,0,0
colizao,2496,3136,0028D856,0,1,1,4294967295,0,0
colizao,2528,3136,00402545,0,1,1,4294967295,0,0
colizao,2560,3136,002D6063,0,1,1,4294967295,0,0
colizao,2592,3136,0024410A,0,1,1,4294967295,0,0
colizao,2592,3104,003987CF,0,1,1,4294967295,0,0
colizao,2624,3104,001065AF,0,1,1,4294967295,0,0
colizao,2624,3072,0015FD6E,0,1,1,4294967295,0,0
colizao,2624,3040,00110531,0,1,1,4294967295,0,0
colizao,2624,3008,003611E1,0,1,1,4294967295,0,0
colizao,2624,2976,001A6C22,0,1,1,4294967295,0,0
colizao,2624,2944,00146004,0,1,1,4294967295,0,0
colizao,2624,2912,001DA571,0,1,1,4294967295,0,0
colizao,2624,2880,000AB992,0,1,1,4294967295,0,0
colizao,2624,2848,001B4718,0,1,1,4294967295,0,0
colizao,2592,2848,002952B6,0,1,1,4294967295,0,0
colizao,2560,2848,00040000,0,1,1,4294967295,0,0
colizao,2528,2848,0019F6C8,0,1,1,4294967295,0,0
colizao,2496,2848,00291DB9,0,1,1,4294967295,0,0
colizao,2432,2848,000E1AE3,0,1,1,4294967295,0,0
colizao,2400,2848,000CC72B,0,1,1,4294967295,0,0
colizao,2368,2848,0007B4FA,0,1,1,4294967295,0,0
colizao,2336,2848,000D69FA,0,1,1,4294967295,0,0
colizao,2368,2848,000823C3,0,1,1,4294967295,0,0
colizao,2400,2848,00283A6B,0,1,1,4294967295,0,0
colizao,2432,2848,002792A1,0,1,1,4294967295,0,0
colizao,2464,2848,00010D5C,0,1,1,4294967295,0,0
colizao,2304,2848,001C6946,0,1,1,4294967295,0,0
colizao,2272,2848,002FFAD1,0,1,1,4294967295,0,0
colizao,2240,2848,002F2403,0,1,1,4294967295,0,0
colizao,2208,2848,000A2F21,0,1,1,4294967295,0,0
colizao,2144,2784,0034805A,0,1,1,4294967295,0,0
colizao,2112,2784,001BA0A9,0,1,1,4294967295,0,0
colizao,2112,2752,0028C90B,0,1,1,4294967295,0,0
colizao,2080,2752,001136A9,0,1,1,4294967295,0,0
colizao,2080,2720,0012F8F9,0,1,1,4294967295,0,0
colizao,2048,2720,0002E8E6,0,1,1,4294967295,0,0
colizao,2016,2720,002A324F,0,1,1,4294967295,0,0
colizao,2016,2688,000F323A,0,1,1,4294967295,0,0
colizao,1984,2688,000725A9,0,1,1,4294967295,0,0
colizao,1984,2656,0018AA86,0,1,1,4294967295,0,0
colizao,1952,2656,00271591,0,1,1,4294967295,0,0
colizao,1920,2656,000853D4,0,1,1,4294967295,0,0
colizao,1920,2624,001CC21F,0,1,1,4294967295,0,0
colizao,1888,2624,0018FEEA,0,1,1,4294967295,0,0
colizao,1856,2624,00073D5A,0,1,1,4294967295,0,0
colizao,1856,2592,0015CF36,0,1,1,4294967295,0,0
colizao,1824,2592,00190F05,0,1,1,4294967295,0,0
colizao,1824,2560,0037E6FD,0,1,1,4294967295,0,0
colizao,1792,2560,00373148,0,1,1,4294967295,0,0
colizao,1792,2528,00119EEB,0,1,1,4294967295,0,0
colizao,1760,2528,00243DEE,0,1,1,4294967295,0,0
colizao,1728,2528,00279FC1,0,1,1,4294967295,0,0
colizao,1728,2496,0037B21B,0,1,1,4294967295,0,0
colizao,1696,2496,00087660,0,1,1,4294967295,0,0
colizao,2144,2784,000BDCE6,0,1,1,4294967295,0,0
colizao,2176,2784,002609C2,0,1,1,4294967295,0,0
colizao,2176,2816,00087536,0,1,1,4294967295,0,0
colizao,2208,2816,00236BFB,0,1,1,4294967295,0,0
colizao,1664,2496,00209CCA,0,1,1,4294967295,0,0
colizao,1632,2464,0007A2D6,0,1,1,4294967295,0,0
colizao,1600,2464,001040FE,0,1,1,4294967295,0,0
colizao,1600,2432,000C5E92,0,1,1,4294967295,0,0
colizao,1568,2432,003A9789,0,1,1,4294967295,0,0
colizao,1536,2432,000F51C4,0,1,1,4294967295,0,0
colizao,1504,2432,003A3704,0,1,1,4294967295,0,0
colizao,1504,2400,0022B0B6,0,1,1,4294967295,0,0
colizao,1472,2400,00069555,0,1,1,4294967295,0,0
colizao,1472,2368,002A367A,0,1,1,4294967295,0,0
colizao,1440,2368,001149A5,0,1,1,4294967295,0,0
colizao,1408,2368,001E76B7,0,1,1,4294967295,0,0
colizao,1408,2336,000AAE47,0,1,1,4294967295,0,0
colizao,1376,2336,003D7BD7,0,1,1,4294967295,0,0
colizao,1344,2336,00313E90,0,1,1,4294967295,0,0
colizao,1344,2304,001AA273,0,1,1,4294967295,0,0
colizao,1312,2304,001DA380,0,1,1,4294967295,0,0
colizao,1280,2304,003FBEFE,0,1,1,4294967295,0,0
colizao,1248,2272,002ED02B,0,1,1,4294967295,0,0
colizao,1216,2272,0004B56E,0,1,1,4294967295,0,0
colizao,1216,2240,00255288,0,1,1,4294967295,0,0
colizao,1184,2240,00291889,0,1,1,4294967295,0,0
colizao,1152,2240,003602A2,0,1,1,4294967295,0,0
colizao,1120,2208,0007DB40,0,1,1,4294967295,0,0
colizao,1088,2208,00380980,0,1,1,4294967295,0,0
colizao,1088,2176,00152D88,0,1,1,4294967295,0,0
colizao,1056,2176,001EB45C,0,1,1,4294967295,0,0
colizao,1056,2144,0014561E,0,1,1,4294967295,0,0
colizao,1024,2144,000FA901,0,1,1,4294967295,0,0
colizao,1024,2112,0001A164,0,1,1,4294967295,0,0
colizao,992,2112,0012FE83,0,1,1,4294967295,0,0
colizao,960,2112,003824B6,0,1,1,4294967295,0,0
colizao,928,2112,001017D5,0,1,1,4294967295,0,0
colizao,928,2080,002501CE,0,1,1,4294967295,0,0
colizao,896,2080,002B7CCE,0,1,1,4294967295,0,0
colizao,864,2080,0009EEEF,0,1,1,4294967295,0,0
colizao,864,2048,002BE5EE,0,1,1,4294967295,0,0
colizao,832,2048,00274341,0,1,1,4294967295,0,0
colizao,800,2048,0039D8E9,0,1,1,4294967295,0,0
colizao,800,2016,003CAB12,0,1,1,4294967295,0,0
colizao,768,2016,0009E557,0,1,1,4294967295,0,0
colizao,736,2016,001A00DA,0,1,1,4294967295,0,0
colizao,736,1984,0008E8EF,0,1,1,4294967295,0,0
colizao,704,1984,00382262,0,1,1,4294967295,0,0
colizao,672,1984,001A5E57,0,1,1,4294967295,0,0
colizao,640,1984,00180BCD,0,1,1,4294967295,0,0
colizao,640,1952,00297AD6,0,1,1,4294967295,0,0
colizao,608,1952,0032CBEE,0,1,1,4294967295,0,0
colizao,576,1920,0016F213,0,1,1,4294967295,0,0
colizao,544,1920,0008F2F2,0,1,1,4294967295,0,0
colizao,544,1888,002F5471,0,1,1,4294967295,0,0
colizao,512,1888,000752B8,0,1,1,4294967295,0,0
colizao,480,1888,0001D62F,0,1,1,4294967295,0,0
colizao,480,1856,00141E27,0,1,1,4294967295,0,0
colizao,512,1856,001BCED9,0,1,1,4294967295,0,0
colizao,544,1856,001EBDD3,0,1,1,4294967295,0,0
colizao,576,1824,003FA09A,0,1,1,4294967295,0,0
colizao,576,1856,001CA5EA,0,1,1,4294967295,0,0
colizao,608,1856,0037C2F2,0,1,1,4294967295,0,0
colizao,608,1824,000D5765,0,1,1,4294967295,0,0
colizao,640,1824,003A00FD,0,1,1,4294967295,0,0
colizao,672,1824,00330D31,0,1,1,4294967295,0,0
colizao,704,1824,0034B7EF,0,1,1,4294967295,0,0
colizao,704,1792,001B2551,0,1,1,4294967295,0,0
colizao,736,1792,000F7137,0,1,1,4294967295,0,0
colizao,768,1792,0035E20B,0,1,1,4294967295,0,0
colizao,768,1760,003F4C5B,0,1,1,4294967295,0,0
colizao,800,1760,0034CDE7,0,1,1,4294967295,0,0
colizao,832,1760,00190C15,0,1,1,4294967295,0,0
colizao,832,1728,002DFF81,0,1,1,4294967295,0,0
colizao,864,1728,00359C41,0,1,1,4294967295,0,0
colizao,896,1728,001C3111,0,1,1,4294967295,0,0
colizao,928,1728,0027A2F7,0,1,1,4294967295,0,0
colizao,928,1696,0040288F,0,1,1,4294967295,0,0
colizao,960,1696,000C0891,0,1,1,4294967295,0,0
colizao,992,1696,003B0639,0,1,1,4294967295,0,0
colizao,1024,1696,0028F512,0,1,1,4294967295,0,0
colizao,1024,1664,001EE49A,0,1,1,4294967295,0,0
colizao,1056,1664,00361314,0,1,1,4294967295,0,0
colizao,1088,1664,00071409,0,1,1,4294967295,0,0
colizao,1088,1632,0031C9B0,0,1,1,4294967295,0,0
colizao,1120,1632,003A1D0B,0,1,1,4294967295,0,0
colizao,1152,1632,00383D18,0,1,1,4294967295,0,0
colizao,1184,1632,0001BDF1,0,1,1,4294967295,0,0
colizao,1184,1600,003C45F9,0,1,1,4294967295,0,0
colizao,1216,1600,00327DFE,0,1,1,4294967295,0,0
colizao,1248,1600,001F30D2,0,1,1,4294967295,0,0
colizao,1280,1600,001DDDBB,0,1,1,4294967295,0,0
colizao,1280,1568,003A3050,0,1,1,4294967295,0,0
colizao,1312,1568,0031E15A,0,1,1,4294967295,0,0
colizao,1344,1568,001DEB48,0,1,1,4294967295,0,0
colizao,1344,1536,00353987,0,1,1,4294967295,0,0
colizao,1376,1536,0029C68B,0,1,1,4294967295,0,0
colizao,1408,1536,000E1319,0,1,1,4294967295,0,0
colizao,1408,1504,002BF640,0,1,1,4294967295,0,0
colizao,1440,1504,003E0279,0,1,1,4294967295,0,0
colizao,1472,1504,002C25FA,0,1,1,4294967295,0,0
colizao,1504,1504,0035641D,0,1,1,4294967295,0,0
colizao,1536,1504,000B25AB,0,1,1,4294967295,0,0
colizao,1536,1472,000317B4,0,1,1,4294967295,0,0
colizao,1568,1472,002BC688,0,1,1,4294967295,0,0
colizao,1600,1472,002B5539,0,1,1,4294967295,0,0
colizao,1632,1472,002C5DC7,0,1,1,4294967295,0,0
colizao,1664,1472,003418C6,0,1,1,4294967295,0,0
colizao,1696,1472,00334A8F,0,1,1,4294967295,0,0
colizao,1696,1440,0036A1CB,0,1,1,4294967295,0,0
colizao,1728,1440,0036C5E5,0,1,1,4294967295,0,0
colizao,1760,1440,002B1CAB,0,1,1,4294967295,0,0
colizao,1792,1440,002229D7,0,1,1,4294967295,0,0
colizao,1824,1440,0024D9DD,0,1,1,4294967295,0,0
colizao,1824,1408,000DD3A8,0,1,1,4294967295,0,0
colizao,1856,1408,0023AD1E,0,1,1,4294967295,0,0
colizao,1888,1408,003FE4BD,0,1,1,4294967295,0,0
colizao,1888,1376,00241FFE,0,1,1,4294967295,0,0
colizao,1920,1376,0039B678,0,1,1,4294967295,0,0
colizao,1952,1376,001D5B44,0,1,1,4294967295,0,0
colizao,1984,1376,003A0376,0,1,1,4294967295,0,0
colizao,2016,1376,003A2B79,0,1,1,4294967295,0,0
colizao,2016,1344,00276AF6,0,1,1,4294967295,0,0
colizao,2048,1344,00020D6B,0,1,1,4294967295,0,0
colizao,2080,1344,002FEFCB,0,1,1,4294967295,0,0
colizao,2112,1344,0035A300,0,1,1,4294967295,0,0
colizao,2112,1312,000DEF20,0,1,1,4294967295,0,0
colizao,2144,1312,00320E3A,0,1,1,4294967295,0,0
colizao,2176,1312,0037AA94,0,1,1,4294967295,0,0
colizao,2208,1312,0004B842,0,1,1,4294967295,0,0
colizao,2240,1312,000868F2,0,1,1,4294967295,0,0
colizao,2240,1280,0026499F,0,1,1,4294967295,0,0
colizao,2272,1280,001C51B7,0,1,1,4294967295,0,0
colizao,2304,1280,002BB725,0,1,1,4294967295,0,0
colizao,2304,1248,001056F2,0,1,1,4294967295,0,0
colizao,2336,1248,00315495,0,1,1,4294967295,0,0
colizao,2368,1248,00265E74,0,1,1,4294967295,0,0
colizao,2368,1216,00240FC2,0,1,1,4294967295,0,0
colizao,2400,1216,000DE96A,0,1,1,4294967295,0,0
colizao,2432,1216,002B54DF,0,1,1,4294967295,0,0
colizao,2464,1216,00096290,0,1,1,4294967295,0,0
colizao,2464,1184,0004DAD7,0,1,1,4294967295,0,0
colizao,2496,1184,00058C2D,0,1,1,4294967295,0,0
colizao,2528,1184,0031899C,0,1,1,4294967295,0,0
colizao,2560,1184,002AF3E2,0,1,1,4294967295,0,0
colizao,2560,1152,0019DFB1,0,1,1,4294967295,0,0
colizao,2592,1152,00397309,0,1,1,4294967295,0,0
colizao,2624,1152,0028C24D,0,1,1,4294967295,0,0
colizao,2656,1120,003C2B8C,0,1,1,4294967295,0,0
colizao,2688,1120,00260BCF,0,1,1,4294967295,0,0
colizao,2720,1088,0024EE09,0,1,1,4294967295,0,0
colizao,2720,1056,00080513,0,1,1,4294967295,0,0
colizao,2752,1024,003A6347,0,1,1,4294967295,0,0
colizao,2784,1024,001E5E57,0,1,1,4294967295,0,0
colizao,2784,992,000CAEE1,0,1,1,4294967295,0,0
colizao,2816,992,003DA267,0,1,1,4294967295,0,0
colizao,2816,960,0032204B,0,1,1,4294967295,0,0
colizao,2816,928,0035E06E,0,1,1,4294967295,0,0
colizao,2784,928,00256D84,0,1,1,4294967295,0,0
colizao,2784,896,000F5854,0,1,1,4294967295,0,0
colizao,2752,896,0034C6CB,0,1,1,4294967295,0,0
colizao,2752,864,002592F2,0,1,1,4294967295,0,0
colizao,2720,864,002B1A3F,0,1,1,4294967295,0,0
colizao,2688,864,002F76C9,0,1,1,4294967295,0,0
colizao,2656,864,003FCD51,0,1,1,4294967295,0,0
colizao,2624,864,002E18D3,0,1,1,4294967295,0,0
colizao,2624,832,00105875,0,1,1,4294967295,0,0
colizao,2592,864,003FABF9,0,1,1,4294967295,0,0
colizao,2560,864,002480B8,0,1,1,4294967295,0,0
colizao,2528,864,0019F719,0,1,1,4294967295,0,0
colizao,2496,864,003B89A9,0,1,1,4294967295,0,0
colizao,2464,864,001E5B19,0,1,1,4294967295,0,0
colizao,2432,864,00100ADD,0,1,1,4294967295,0,0
colizao,2432,832,001FBC15,0,1,1,4294967295,0,0
colizao,2400,832,00170A61,0,1,1,4294967295,0,0
colizao,2368,832,001C0AFD,0,1,1,4294967295,0,0
colizao,2336,832,0020FAE4,0,1,1,4294967295,0,0
colizao,2304,832,000B0AAC,0,1,1,4294967295,0,0
colizao,2304,800,00115449,0,1,1,4294967295,0,0
colizao,2272,800,000BDDED,0,1,1,4294967295,0,0
colizao,2240,800,000A6CAB,0,1,1,4294967295,0,0
colizao,2208,800,002B6FB3,0,1,1,4294967295,0,0
colizao,2208,768,002C5A13,0,1,1,4294967295,0,0
colizao,2176,768,0035726B,0,1,1,4294967295,0,0
colizao,2144,768,001546AE,0,1,1,4294967295,0,0
colizao,2144,736,000F92AA,0,1,1,4294967295,0,0
colizao,2112,736,0018ACC0,0,1,1,4294967295,0,0
colizao,2080,736,0036C71F,0,1,1,4294967295,0,0
colizao,2048,704,001AC572,0,1,1,4294967295,0,0
colizao,2016,704,002D79ED,0,1,1,4294967295,0,0
colizao,2016,672,00229B12,0,1,1,4294967295,0,0
colizao,1984,672,003E0BCD,0,1,1,4294967295,0,0
colizao,1984,640,002B74B9,0,1,1,4294967295,0,0
colizao,1952,640,001BCA89,0,1,1,4294967295,0,0
colizao,1952,608,000508AB,0,1,1,4294967295,0,0
colizao,1920,608,00094674,0,1,1,4294967295,0,0
colizao,1920,576,001E80DA,0,1,1,4294967295,0,0
colizao,1888,576,001E8DB8,0,1,1,4294967295,0,0
colizao,1888,544,000DEB45,0,1,1,4294967295,0,0
colizao,1856,544,0033DA43,0,1,1,4294967295,0,0
colizao,1856,512,001AAE80,0,1,1,4294967295,0,0
colizao,1824,512,000BCFDD,0,1,1,4294967295,0,0
colizao,1792,512,0006597A,0,1,1,4294967295,0,0
colizao,1760,512,001E94E1,0,1,1,4294967295,0,0
colizao,1760,480,0035DE11,0,1,1,4294967295,0,0
colizao,1728,480,0028418D,0,1,1,4294967295,0,0
colizao,1696,480,0029F5B1,0,1,1,4294967295,0,0
colizao,1664,480,001DCFE4,0,1,1,4294967295,0,0
colizao,1632,480,001B2669,0,1,1,4294967295,0,0
colizao,1632,448,00228FE2,0,1,1,4294967295,0,0
colizao,1600,448,00000C46,0,1,1,4294967295,0,0
colizao,1568,448,0017E988,0,1,1,4294967295,0,0
colizao,1568,416,003833F6,0,1,1,4294967295,0,0
colizao,1536,416,002CE96C,0,1,1,4294967295,0,0
colizao,1504,416,0002E29B,0,1,1,4294967295,0,0
colizao,1472,416,001D4133,0,1,1,4294967295,0,0
colizao,1472,384,003C3A4D,0,1,1,4294967295,0,0
colizao,1440,384,003B4128,0,1,1,4294967295,0,0
colizao,1440,352,00057495,0,1,1,4294967295,0,0
colizao,1408,352,000970C1,0,1,1,4294967295,0,0
colizao,1408,320,000D34A8,0,1,1,4294967295,0,0
colizao,1376,320,00043A7F,0,1,1,4294967295,0,0
colizao,1344,320,00251911,0,1,1,4294967295,0,0
colizao,1312,320,0012DF9F,0,1,1,4294967295,0,0
colizao,1312,288,001F0613,0,1,1,4294967295,0,0
colizao,1280,288,00303643,0,1,1,4294967295,0,0
colizao,1248,288,00196484,0,1,1,4294967295,0,0
colizao,1248,256,003963B3,0,1,1,4294967295,0,0
colizao,1216,256,002A595F,0,1,1,4294967295,0,0
colizao,1184,256,002C70A4,0,1,1,4294967295,0,0
colizao,1184,224,000CD194,0,1,1,4294967295,0,0
colizao,1152,224,0018A174,0,1,1,4294967295,0,0
colizao,1120,224,001684FC,0,1,1,4294967295,0,0
colizao,1088,224,0035A303,0,1,1,4294967295,0,0
colizao,1088,192,00321120,0,1,1,4294967295,0,0
colizao,1056,192,00325F4F,0,1,1,4294967295,0,0
colizao,1024,192,00323929,0,1,1,4294967295,0,0
colizao,992,160,002CE161,0,1,1,4294967295,0,0
colizao,960,160,001E2841,0,1,1,4294967295,0,0
colizao,960,128,000EA177,0,1,1,4294967295,0,0
colizao,928,128,00295624,0,1,1,4294967295,0,0
colizao,896,128,0027357E,0,1,1,4294967295,0,0
colizao,896,96,0000B387,0,1,1,4294967295,0,0
colizao,864,96,002C56D0,0,1,1,4294967295,0,0
colizao,864,64,003AD4C6,0,1,1,4294967295,0,0
colizao,832,64,00302550,0,1,1,4294967295,0,0
colizao,800,64,001D47D6,0,1,1,4294967295,0,0
colizao,800,32,003D33AB,0,1,1,4294967295,0,0
colizao,768,32,0038C808,0,1,1,4294967295,0,0
colizao,736,32,000B081B,0,1,1,4294967295,0,0
colizao,704,32,003EDCA2,0,1,1,4294967295,0,0
colizao,704,0,0006CFD7,0,1,1,4294967295,0,0
colizao,672,0,0035CD69,0,1,1,4294967295,0,0
colizao,640,0,000F673B,0,1,1,4294967295,0,0
colizao,608,0,002D660F,0,1,1,4294967295,0,0
colizao,288,32,0008D2F6,0,1,1,4294967295,0,0
colizao,256,32,000BC4B4,0,1,1,4294967295,0,0
colizao,224,32,0007F6C9,0,1,1,4294967295,0,0
colizao,192,32,003B9A13,0,1,1,4294967295,0,0
colizao,128,32,00192AAE,0,1,1,4294967295,0,0
colizao,96,32,003D9ACD,0,1,1,4294967295,0,0
colizao,64,32,00139B94,0,1,1,4294967295,0,0
colizao,32,32,0011CEB1,0,1,1,4294967295,0,0
colizao,0,32,003E10D5,0,1,1,4294967295,0,0
colizao,32,32,003EBD5B,0,1,1,4294967295,0,0
colizao,64,32,000F9F13,0,1,1,4294967295,0,0
colizao,96,32,0031F1A7,0,1,1,4294967295,0,0
colizao,128,32,0014C379,0,1,1,4294967295,0,0
colizao,160,32,0005CAE9,0,1,1,4294967295,0,0
Cavalier_OBJ,416,0,0028FC69,0,1,1,4294967295,0,0
chegada,2592,3072,0034E8DF,0,1,1,4294967295,0,0
chegada,2464,2880,002BBA00,0,1,1,4294967295,0,0
chegada,2496,2880,00141A43,0,1,1,4294967295,0,0
chegada,2528,2880,003D29DD,0,1,1,4294967295,0,0
chegada,2560,2880,001F759E,0,1,1,4294967295,0,0
chegada,2592,2880,003DAEFC,0,1,1,4294967295,0,0
chegada,2592,2912,00315FC0,0,1,1,4294967295,0,0
chegada,2592,2944,00079692,0,1,1,4294967295,0,0
chegada,2592,2976,00307407,0,1,1,4294967295,0,0
chegada,2592,3008,0016F2ED,0,1,1,4294967295,0,0
chegada,2592,3040,002E2521,0,1,1,4294967295,0,0
chegada,2560,3040,0026E8E2,0,1,1,4294967295,0,0
chegada,2560,3072,00208B9E,0,1,1,4294967295,0,0
chegada,2496,3072,0034C0ED,0,1,1,4294967295,0,0
chegada,2432,3104,00092237,0,1,1,4294967295,0,0
chegada,2464,3072,0010A092,0,1,1,4294967295,0,0
chegada,2432,2912,001CDDDF,0,1,1,4294967295,0,0
chegada,2432,2944,003F7F0F,0,1,1,4294967295,0,0
chegada,2400,2976,00273A53,0,1,1,4294967295,0,0
chegada,2400,3008,0026244C,0,1,1,4294967295,0,0
chegada,2400,3040,000FE0FD,0,1,1,4294967295,0,0
chegada,2400,3072,00182DD3,0,1,1,4294967295,0,0
chegada,2432,3072,001B6F49,0,1,1,4294967295,0,0
chegada,2432,3040,001D867B,0,1,1,4294967295,0,0
chegada,2432,3008,0022A70C,0,1,1,4294967295,0,0
chegada,2464,3008,00386638,0,1,1,4294967295,0,0
chegada,2496,3008,001255BE,0,1,1,4294967295,0,0
chegada,2528,3008,00100DF8,0,1,1,4294967295,0,0
chegada,2560,3008,002B0258,0,1,1,4294967295,0,0
chegada,2560,2976,00369534,0,1,1,4294967295,0,0
chegada,2560,2944,003ADB88,0,1,1,4294967295,0,0
chegada,2560,2912,0004DE35,0,1,1,4294967295,0,0
chegada,2464,2912,000FCC3D,0,1,1,4294967295,0,0
chegada,2464,2944,0016A628,0,1,1,4294967295,0,0
chegada,2464,2976,001D8A7B,0,1,1,4294967295,0,0
chegada,2496,2976,00252C72,0,1,1,4294967295,0,0
chegada,2528,2976,0039497B,0,1,1,4294967295,0,0
chegada,2528,2944,00154B19,0,1,1,4294967295,0,0
chegada,2496,2944,0023CBC5,0,1,1,4294967295,0,0
chegada,2432,2976,00134E54,0,1,1,4294967295,0,0
chegada,2464,3040,00329A3F,0,1,1,4294967295,0,0
chegada,2496,3040,00324C6C,0,1,1,4294967295,0,0
chegada,2528,3040,00185B2F,0,1,1,4294967295,0,0
chegada,2528,3072,0032C2BC,0,1,1,4294967295,0,0
chegada,2560,3104,00387DE2,0,1,1,4294967295,0,0
chegada,2528,3104,000D84D9,0,1,1,4294967295,0,0
chegada,2496,3104,0005EE67,0,1,1,4294967295,0,0
chegada,2464,3104,0037010C,0,1,1,4294967295,0,0
chegada,2496,2912,003648FC,0,1,1,4294967295,0,0
chegada,2528,2912,003ACF89,0,1,1,4294967295,0,0
chegada,2528,2944,001F596D,0,1,1,4294967295,0,0
chegada,2528,2976,0029D8BE,0,1,1,4294967295,0,0
chegada,2528,3008,000C5AFF,0,1,1,4294967295,0,0
chegada,2528,3040,003A87B4,0,1,1,4294967295,0,0
chegada,2528,3072,0030BE48,0,1,1,4294967295,0,0
chegada,2496,3072,00202875,0,1,1,4294967295,0,0
chegada,2528,3072,0005D880,0,1,1,4294967295,0,0
chegada,2560,3072,0021746A,0,1,1,4294967295,0,0
chegada,2592,3072,002A8705,0,1,1,4294967295,0,0
chegada,2560,3040,0029A6E1,0,1,1,4294967295,0,0
chegada,2592,3040,003339B4,0,1,1,4294967295,0,0
chegada,2464,3040,003CC4F1,0,1,1,4294967295,0,0
chegada,2496,3040,002356E2,0,1,1,4294967295,0,0
chegada,2464,3072,00164C6D,0,1,1,4294967295,0,0
chegada,2496,3008,00326317,0,1,1,4294967295,0,0
chegada,2464,3008,0016AB6C,0,1,1,4294967295,0,0
chegada,2464,2976,0000274A,0,1,1,4294967295,0,0
chegada,2496,2976,003DAC8F,0,1,1,4294967295,0,0
chegada,2496,2944,003C3913,0,1,1,4294967295,0,0
chegada,2464,2944,00122B1A,0,1,1,4294967295,0,0
chegada,2560,2944,0002F5F5,0,1,1,4294967295,0,0
chegada,2560,2944,003FDCE9,0,1,1,4294967295,0,0
chegada,2592,2944,001AEEB0,0,1,1,4294967295,0,0
chegada,2592,2976,001AF476,0,1,1,4294967295,0,0
chegada,2592,3008,000C8FC5,0,1,1,4294967295,0,0
chegada,2560,2976,000FB940,0,1,1,4294967295,0,0
chegada,2560,2976,0004803A,0,1,1,4294967295,0,0
chegada,2560,3008,00016EE0,0,1,1,4294967295,0,0
chegada,2368,3104,00336805,0,1,1,4294967295,0,0
chegada,2336,3104,001DFE89,0,1,1,4294967295,0,0
chegada,2304,3104,001CBDC7,0,1,1,4294967295,0,0
chegada,2304,3072,002468D5,0,1,1,4294967295,0,0
chegada,2336,3072,001B9C09,0,1,1,4294967295,0,0
chegada,2336,3040,000F9639,0,1,1,4294967295,0,0
chegada,2336,3008,0037AD84,0,1,1,4294967295,0,0
chegada,2336,2976,0018DB0C,0,1,1,4294967295,0,0
chegada,2336,2944,00127E6C,0,1,1,4294967295,0,0
chegada,2368,2944,003ECEE2,0,1,1,4294967295,0,0
chegada,2368,2912,0003716B,0,1,1,4294967295,0,0
chegada,2400,2880,001813D1,0,1,1,4294967295,0,0
chegada,2432,2880,00388753,0,1,1,4294967295,0,0
chegada,2400,2912,000BD5F1,0,1,1,4294967295,0,0
chegada,2400,2944,001135BA,0,1,1,4294967295,0,0
chegada,2368,2976,00017E81,0,1,1,4294967295,0,0
chegada,2368,3008,001B51A9,0,1,1,4294967295,0,0
chegada,2368,3040,001F6811,0,1,1,4294967295,0,0
chegada,2368,3072,0040445B,0,1,1,4294967295,0,0
chegada,2400,3104,0017A959,0,1,1,4294967295,0,0
chegada,2368,2880,00304067,0,1,1,4294967295,0,0
chegada,2336,2880,00011B41,0,1,1,4294967295,0,0
chegada,2336,2912,0027616B,0,1,1,4294967295,0,0
chegada,2304,3040,0027D715,0,1,1,4294967295,0,0
chegada,2304,3008,00293109,0,1,1,4294967295,0,0
chegada,2304,2976,000651D5,0,1,1,4294967295,0,0
chegada,2304,2912,0021EE5A,0,1,1,4294967295,0,0
Player_Horse,768,192,00227C03,0,1,1,4294967295,0,0
Speed_Radar_Silesia,1056,320,0039047C,0,1,1,4294967295,0,0
Speed_Radar_Silesia,2208,896,001C7C07,0,1,1,4294967295,0,0
Speed_Radar_Silesia,1728,1344,0034B514,0,1,1,4294967295,0,0
Speed_Radar_Silesia,704,1696,00357E44,0,1,1,4294967295,0,0
Speed_Radar_Silesia,1088,2304,00213FD0,0,1,1,4294967295,0,0
Speed_Radar_Silesia,1824,2720,000ED0B1,0,1,1,4294967295,0,0
