colizao,0,288,000FAC23,0,1,1,4294967295,0,0
colizao,32,288,00243353,0,1,1,4294967295,0,0
colizao,64,288,0017937D,0,1,1,4294967295,0,0
colizao,96,288,00187F97,0,1,1,4294967295,0,0
colizao,128,288,001FD65F,0,1,1,4294967295,0,0
colizao,160,288,00357FB6,0,1,1,4294967295,0,0
colizao,192,288,0017A142,0,1,1,4294967295,0,0
colizao,224,288,00297839,0,1,1,4294967295,0,0
colizao,256,288,00020784,0,1,1,4294967295,0,0
colizao,288,288,000B8A25,0,1,1,4294967295,0,0
colizao,320,288,00170131,0,1,1,4294967295,0,0
colizao,352,288,001F8CBD,0,1,1,4294967295,0,0
colizao,384,288,0036BE51,0,1,1,4294967295,0,0
colizao,416,288,0035EC06,0,1,1,4294967295,0,0
colizao,448,288,001D15C2,0,1,1,4294967295,0,0
colizao,480,288,003E378D,0,1,1,4294967295,0,0
colizao,512,288,00154665,0,1,1,4294967295,0,0
colizao,544,288,000493CB,0,1,1,4294967295,0,0
colizao,576,288,00281705,0,1,1,4294967295,0,0
colizao,608,288,0001B3EA,0,1,1,4294967295,0,0
colizao,640,288,001A8E25,0,1,1,4294967295,0,0
colizao,672,288,0013EB43,0,1,1,4294967295,0,0
colizao,704,288,00178595,0,1,1,4294967295,0,0
colizao,736,288,0021F33F,0,1,1,4294967295,0,0
colizao,768,288,00069FA1,0,1,1,4294967295,0,0
colizao,800,288,00346051,0,1,1,4294967295,0,0
colizao,832,288,003A23F3,0,1,1,4294967295,0,0
colizao,864,288,003ECBA5,0,1,1,4294967295,0,0
colizao,896,288,0023F095,0,1,1,4294967295,0,0
colizao,928,288,001491B0,0,1,1,4294967295,0,0
colizao,960,288,0017C798,0,1,1,4294967295,0,0
colizao,992,288,000515C7,0,1,1,4294967295,0,0
colizao,1024,288,00154005,0,1,1,4294967295,0,0
colizao,1056,288,001A3FEB,0,1,1,4294967295,0,0
colizao,1088,288,00273C4A,0,1,1,4294967295,0,0
colizao,1120,288,001FA099,0,1,1,4294967295,0,0
colizao,1152,288,00228C8E,0,1,1,4294967295,0,0
colizao,1184,288,00267C21,0,1,1,4294967295,0,0
colizao,1216,288,002433F8,0,1,1,4294967295,0,0
colizao,1248,288,0017CA54,0,1,1,4294967295,0,0
colizao,1280,288,00028D18,0,1,1,4294967295,0,0
colizao,1312,288,001858C8,0,1,1,4294967295,0,0
colizao,1344,288,001707DB,0,1,1,4294967295,0,0
colizao,1376,288,00248BDF,0,1,1,4294967295,0,0
colizao,1408,288,00395AE8,0,1,1,4294967295,0,0
colizao,1440,288,002B019C,0,1,1,4294967295,0,0
colizao,1472,288,0024EE30,0,1,1,4294967295,0,0
colizao,1504,288,00276EE8,0,1,1,4294967295,0,0
colizao,1536,288,0028BBCC,0,1,1,4294967295,0,0
colizao,1568,288,001D08F5,0,1,1,4294967295,0,0
colizao,1600,288,0014ABAC,0,1,1,4294967295,0,0
colizao,1632,288,00334B28,0,1,1,4294967295,0,0
colizao,1664,288,000D1CB9,0,1,1,4294967295,0,0
colizao,1696,288,0023459E,0,1,1,4294967295,0,0
colizao,1728,288,0004694F,0,1,1,4294967295,0,0
colizao,1760,288,0000E1F3,0,1,1,4294967295,0,0
colizao,1792,288,0022B0B7,0,1,1,4294967295,0,0
colizao,1824,288,00326669,0,1,1,4294967295,0,0
colizao,1856,288,00193596,0,1,1,4294967295,0,0
colizao,1888,288,000B6281,0,1,1,4294967295,0,0
colizao,1920,288,0009258B,0,1,1,4294967295,0,0
colizao,1952,288,0000E352,0,1,1,4294967295,0,0
colizao,1984,288,0004267B,0,1,1,4294967295,0,0
TP_NEON_CASTELIA_CITY,544,320,00171C27,0,1,1,4294967295,0,0
TP_NEON_CASTELIA_CITY,576,320,000AC391,0,1,1,4294967295,0,0
TP_NEON_CASTELIA_CITY,608,320,0030C8A2,0,1,1,4294967295,0,0
TP_NEON_CASTELIA_CITY,512,320,0009FA73,0,1,1,4294967295,0,0
TP_FERGUS,768,320,003F11FC,0,1,1,4294967295,0,0
TP_FERGUS,800,320,00356F1A,0,1,1,4294967295,0,0
TP_FERGUS,832,320,001B507A,0,1,1,4294967295,0,0
TP_FERGUS,736,320,00044742,0,1,1,4294967295,0,0
TP_LUNATIC_CORP,960,320,002B913A,0,1,1,4294967295,0,0
TP_LUNATIC_CORP,992,320,000BA34D,0,1,1,4294967295,0,0
TP_LUNATIC_CORP,1024,320,001609F3,0,1,1,4294967295,0,0
TP_MINEFOOD_EXTERIOR,1184,320,002B763C,0,1,1,4294967295,0,0
TP_MINEFOOD_EXTERIOR,1216,320,002CF393,0,1,1,4294967295,0,0
TP_MINEFOOD_EXTERIOR,1248,320,0021E23D,0,1,1,4294967295,0,0
TP_NOOBFIELD_EXTERIOR,1664,320,000772DB,0,1,1,4294967295,0,0
TP_NOOBFIELD_EXTERIOR,1696,320,000078E9,0,1,1,4294967295,0,0
TP_NOOBFIELD_EXTERIOR,1728,320,003D1A5B,0,1,1,4294967295,0,0
TP_NOOBFIELD_EXTERIOR,1632,320,00055094,0,1,1,4294967295,0,0
TP_Magvel,1952,352,000061C7,0,1,1,4294967295,0,0
TP_Magvel,1952,384,00067092,0,1,1,4294967295,0,0
TP_Magvel,1952,384,0002187F,0,1,1,4294967295,0,0
TP_Magvel,1952,416,00271C9F,0,1,1,4294967295,0,0
TP_Magvel,1952,416,00162AE0,0,1,1,4294967295,0,0
TP_Magvel,1952,448,000042ED,0,1,1,4294967295,0,0
TP_Magvel,1952,480,00397EAF,0,1,1,4294967295,0,0
TP_Magvel,1952,512,000705B8,0,1,1,4294967295,0,0
TP_Magvel,1952,544,000D1F86,0,1,1,4294967295,0,0
TP_Magvel,1952,544,0004286D,0,1,1,4294967295,0,0
TP_Magvel,1952,576,003D5E35,0,1,1,4294967295,0,0
player,192,416,00388006,0,1,1,4294967295,0,0
NAMI_stewardess_OBJ1,1792,352,0033F1FC,0,1,1,4294967295,0,0
NAMI_stewardess_OBJ2,1024,448,003B8FC3,0,1,1,4294967295,0,0
NAMI_stewardess_OBJ3,896,416,00338FAC,0,1,1,4294967295,0,0
NAMI_stewardess_OBJ3,1824,544,001C5E05,0,1,1,4294967295,0,0
NAMI_stewardess_OBJ3,1120,352,001B461E,0,1,1,4294967295,0,0
Concorde_INFEITE,0,0,003B5DC6,0,1,1,4294967295,0,0
Concorde_INFEITE,64,0,0035A914,0,1,1,4294967295,0,0
Concorde_INFEITE,128,0,000BBE6C,0,1,1,4294967295,0,0
Concorde_INFEITE,192,0,002E07CB,0,1,1,4294967295,0,0
Concorde_INFEITE,256,0,00320963,0,1,1,4294967295,0,0
Concorde_INFEITE,320,0,001CBA88,0,1,1,4294967295,0,0
Concorde_INFEITE,384,0,002E936B,0,1,1,4294967295,0,0
Concorde_INFEITE,448,0,0032DF3D,0,1,1,4294967295,0,0
Concorde_INFEITE,512,0,00326C8A,0,1,1,4294967295,0,0
Concorde_INFEITE,576,0,00280F35,0,1,1,4294967295,0,0
Concorde_INFEITE,640,-32,00155391,0,1,1,4294967295,0,0
Concorde_INFEITE,672,-32,001BC792,0,1,1,4294967295,0,0
Concorde_INFEITE,448,32,00393544,0,1,1,4294967295,0,0
Concorde_INFEITE,352,32,00032D8D,0,1,1,4294967295,0,0
Concorde_INFEITE,320,64,003A1A4E,0,1,1,4294967295,0,0
Concorde_INFEITE,256,64,000F5822,0,1,1,4294967295,0,0
Concorde_INFEITE,192,64,0017084B,0,1,1,4294967295,0,0
Concorde_INFEITE,128,64,000663C1,0,1,1,4294967295,0,0
Concorde_INFEITE,64,64,00164814,0,1,1,4294967295,0,0
Concorde_INFEITE,0,64,002B4EF8,0,1,1,4294967295,0,0
Concorde_INFEITE,0,96,003B6E5C,0,1,1,4294967295,0,0
Concorde_INFEITE,64,96,0013BA2D,0,1,1,4294967295,0,0
Concorde_INFEITE,128,96,0017C456,0,1,1,4294967295,0,0
Concorde_INFEITE,192,96,000F6D2C,0,1,1,4294967295,0,0
tp_control_room,256,576,0027F49F,0,1,1,4294967295,0,0
