colizao,336,48,0036734A,0,1,1,4294967295,0,0
colizao,352,64,002F95E1,0,1,1,4294967295,0,0
colizao,368,80,001D7EF7,0,1,1,4294967295,0,0
colizao,384,96,0008D061,0,1,1,4294967295,0,0
colizao,400,112,00146A95,0,1,1,4294967295,0,0
colizao,432,112,000EB8F4,0,1,1,4294967295,0,0
colizao,448,128,00195C66,0,1,1,4294967295,0,0
colizao,464,144,001561BA,0,1,1,4294967295,0,0
colizao,496,144,000ADE24,0,1,1,4294967295,0,0
colizao,512,160,00130888,0,1,1,4294967295,0,0
colizao,528,176,003F0EF7,0,1,1,4294967295,0,0
colizao,544,192,002227F5,0,1,1,4294967295,0,0
colizao,576,192,00234413,0,1,1,4294967295,0,0
colizao,608,192,00193305,0,1,1,4294967295,0,0
colizao,608,224,00330988,0,1,1,4294967295,0,0
colizao,640,224,003ECD5E,0,1,1,4294967295,0,0
colizao,640,256,00100E04,0,1,1,4294967295,0,0
colizao,672,256,0006FFC6,0,1,1,4294967295,0,0
colizao,704,288,002AEAEB,0,1,1,4294967295,0,0
colizao,736,288,003DAA2D,0,1,1,4294967295,0,0
colizao,768,288,00043881,0,1,1,4294967295,0,0
colizao,768,320,0038E456,0,1,1,4294967295,0,0
colizao,800,320,003A3D03,0,1,1,4294967295,0,0
colizao,832,352,0013D2A8,0,1,1,4294967295,0,0
colizao,864,352,001CD232,0,1,1,4294967295,0,0
colizao,896,352,000F51FB,0,1,1,4294967295,0,0
colizao,896,384,0008B983,0,1,1,4294967295,0,0
colizao,928,384,00063C78,0,1,1,4294967295,0,0
colizao,928,416,000D5D97,0,1,1,4294967295,0,0
colizao,960,416,000CCD52,0,1,1,4294967295,0,0
colizao,992,416,000A4CEC,0,1,1,4294967295,0,0
colizao,992,448,00165D53,0,1,1,4294967295,0,0
colizao,1024,448,000F2AFB,0,1,1,4294967295,0,0
colizao,1024,480,0037AB44,0,1,1,4294967295,0,0
colizao,1056,480,001B40B0,0,1,1,4294967295,0,0
colizao,1088,480,0032F45D,0,1,1,4294967295,0,0
colizao,1088,512,001F5F1D,0,1,1,4294967295,0,0
colizao,1120,512,0010613E,0,1,1,4294967295,0,0
colizao,1152,512,003CD48A,0,1,1,4294967295,0,0
colizao,1184,512,003EF4E3,0,1,1,4294967295,0,0
colizao,1184,544,002D9635,0,1,1,4294967295,0,0
colizao,1216,544,003786D7,0,1,1,4294967295,0,0
colizao,1248,544,0035AAE8,0,1,1,4294967295,0,0
colizao,1248,576,0011B994,0,1,1,4294967295,0,0
colizao,1280,576,0028F181,0,1,1,4294967295,0,0
colizao,1312,576,00284835,0,1,1,4294967295,0,0
colizao,1312,608,002F5FA8,0,1,1,4294967295,0,0
colizao,1344,608,002448BC,0,1,1,4294967295,0,0
colizao,1376,608,002AD5F3,0,1,1,4294967295,0,0
colizao,1696,800,000B39B6,0,1,1,4294967295,0,0
colizao,1728,800,0035EFB0,0,1,1,4294967295,0,0
colizao,1728,832,002B984D,0,1,1,4294967295,0,0
colizao,1760,832,000D95B4,0,1,1,4294967295,0,0
colizao,1408,608,0025512C,0,1,1,4294967295,0,0
colizao,1408,640,00119563,0,1,1,4294967295,0,0
colizao,1440,640,0037F166,0,1,1,4294967295,0,0
colizao,1440,672,000FD560,0,1,1,4294967295,0,0
colizao,1472,672,00006087,0,1,1,4294967295,0,0
colizao,1504,704,0002B135,0,1,1,4294967295,0,0
colizao,1536,704,0037D7C7,0,1,1,4294967295,0,0
colizao,1536,736,003114B7,0,1,1,4294967295,0,0
colizao,1568,736,003B5690,0,1,1,4294967295,0,0
colizao,1600,736,003452E2,0,1,1,4294967295,0,0
colizao,1632,768,0013EBF4,0,1,1,4294967295,0,0
colizao,1664,768,00084F79,0,1,1,4294967295,0,0
colizao,1664,800,0035B0A1,0,1,1,4294967295,0,0
colizao,1696,800,000DADC9,0,1,1,4294967295,0,0
colizao,1728,800,0026838E,0,1,1,4294967295,0,0
colizao,1728,832,0024E5FB,0,1,1,4294967295,0,0
colizao,1760,832,002AAEF9,0,1,1,4294967295,0,0
colizao,1792,832,001C82D8,0,1,1,4294967295,0,0
colizao,1824,864,001FCFC6,0,1,1,4294967295,0,0
colizao,1856,864,0013566C,0,1,1,4294967295,0,0
colizao,1888,896,000EBBA8,0,1,1,4294967295,0,0
colizao,1920,896,00184007,0,1,1,4294967295,0,0
colizao,1920,928,003DEC64,0,1,1,4294967295,0,0
colizao,1952,928,003CD2AA,0,1,1,4294967295,0,0
colizao,1984,928,001F8643,0,1,1,4294967295,0,0
colizao,2016,928,001CC665,0,1,1,4294967295,0,0
colizao,2016,960,000676BE,0,1,1,4294967295,0,0
colizao,2048,960,00184AFB,0,1,1,4294967295,0,0
colizao,2080,960,001E7292,0,1,1,4294967295,0,0
colizao,2080,992,003E68A2,0,1,1,4294967295,0,0
colizao,2112,992,000AD923,0,1,1,4294967295,0,0
colizao,2144,992,00041D4B,0,1,1,4294967295,0,0
colizao,2176,992,00037B0F,0,1,1,4294967295,0,0
colizao,2208,992,00300DDA,0,1,1,4294967295,0,0
colizao,2240,992,0002D06F,0,1,1,4294967295,0,0
colizao,2240,1024,001FFC32,0,1,1,4294967295,0,0
colizao,2208,1024,00012046,0,1,1,4294967295,0,0
colizao,2208,1056,00039F2E,0,1,1,4294967295,0,0
colizao,2176,1056,0027E28B,0,1,1,4294967295,0,0
colizao,2144,1056,001A75AC,0,1,1,4294967295,0,0
colizao,2112,1056,0004954C,0,1,1,4294967295,0,0
colizao,2112,1088,00199C74,0,1,1,4294967295,0,0
colizao,2080,1088,003E8E2E,0,1,1,4294967295,0,0
colizao,2048,1088,0031600C,0,1,1,4294967295,0,0
colizao,2016,1088,002ED1BE,0,1,1,4294967295,0,0
colizao,2016,1120,0026BBFC,0,1,1,4294967295,0,0
colizao,1984,1120,00146A84,0,1,1,4294967295,0,0
colizao,1952,1120,00309A21,0,1,1,4294967295,0,0
colizao,1920,1120,000F1085,0,1,1,4294967295,0,0
colizao,1888,1120,00099FE6,0,1,1,4294967295,0,0
colizao,1888,1152,00049DE5,0,1,1,4294967295,0,0
colizao,1856,1152,00122CC0,0,1,1,4294967295,0,0
colizao,1824,1152,003DC520,0,1,1,4294967295,0,0
colizao,1824,1184,003523B1,0,1,1,4294967295,0,0
colizao,1792,1184,002424BE,0,1,1,4294967295,0,0
colizao,1760,1184,002C7D54,0,1,1,4294967295,0,0
colizao,1728,1184,003C3789,0,1,1,4294967295,0,0
colizao,1696,1216,000465F4,0,1,1,4294967295,0,0
colizao,1664,1216,000B1780,0,1,1,4294967295,0,0
colizao,1632,1216,002CB91E,0,1,1,4294967295,0,0
colizao,1632,1248,001C27A4,0,1,1,4294967295,0,0
colizao,1600,1248,0026726C,0,1,1,4294967295,0,0
colizao,1568,1248,003F11CF,0,1,1,4294967295,0,0
colizao,1568,1280,00302DFA,0,1,1,4294967295,0,0
colizao,1536,1280,003413D4,0,1,1,4294967295,0,0
colizao,1504,1280,000E6D99,0,1,1,4294967295,0,0
colizao,1472,1280,000BEEB7,0,1,1,4294967295,0,0
colizao,1472,1312,0017385F,0,1,1,4294967295,0,0
colizao,1440,1312,003CA747,0,1,1,4294967295,0,0
colizao,1408,1312,003A3583,0,1,1,4294967295,0,0
colizao,1376,1312,00373ED0,0,1,1,4294967295,0,0
colizao,1376,1344,00040FC4,0,1,1,4294967295,0,0
colizao,1344,1344,0004BDB9,0,1,1,4294967295,0,0
colizao,1312,1344,001C34FA,0,1,1,4294967295,0,0
colizao,1280,1344,0035EE93,0,1,1,4294967295,0,0
colizao,1248,1344,000232DB,0,1,1,4294967295,0,0
colizao,1248,1376,003548EF,0,1,1,4294967295,0,0
colizao,1216,1376,0018D2BD,0,1,1,4294967295,0,0
colizao,1184,1376,00329B68,0,1,1,4294967295,0,0
colizao,1152,1376,0026EAD0,0,1,1,4294967295,0,0
colizao,1120,1408,002CC7F6,0,1,1,4294967295,0,0
colizao,1088,1408,00060BC9,0,1,1,4294967295,0,0
colizao,1088,1440,002EFE6F,0,1,1,4294967295,0,0
colizao,1056,1440,0008A1E1,0,1,1,4294967295,0,0
colizao,1024,1440,001545AE,0,1,1,4294967295,0,0
colizao,1024,1472,003AF929,0,1,1,4294967295,0,0
colizao,992,1472,0027C77A,0,1,1,4294967295,0,0
colizao,960,1472,003F0ECF,0,1,1,4294967295,0,0
colizao,928,1472,0017EFCD,0,1,1,4294967295,0,0
colizao,896,1472,00007996,0,1,1,4294967295,0,0
colizao,896,1504,002CBAF0,0,1,1,4294967295,0,0
colizao,864,1504,0024C33B,0,1,1,4294967295,0,0
colizao,832,1504,002D2C74,0,1,1,4294967295,0,0
colizao,832,1536,00117287,0,1,1,4294967295,0,0
colizao,800,1536,002FCE4C,0,1,1,4294967295,0,0
colizao,768,1536,00326B67,0,1,1,4294967295,0,0
colizao,736,1536,0013AB37,0,1,1,4294967295,0,0
colizao,704,1536,001789C6,0,1,1,4294967295,0,0
colizao,704,1536,001EE7D1,0,1,1,4294967295,0,0
colizao,704,1568,0008CD61,0,1,1,4294967295,0,0
colizao,672,1568,000A1F3E,0,1,1,4294967295,0,0
colizao,640,1568,0035742D,0,1,1,4294967295,0,0
colizao,608,1568,002B2105,0,1,1,4294967295,0,0
colizao,576,1568,00216A78,0,1,1,4294967295,0,0
colizao,576,1600,00344D78,0,1,1,4294967295,0,0
colizao,544,1600,002EAB75,0,1,1,4294967295,0,0
colizao,512,1600,002F5E97,0,1,1,4294967295,0,0
colizao,480,1600,001CEAB7,0,1,1,4294967295,0,0
colizao,448,1600,00281767,0,1,1,4294967295,0,0
colizao,416,1600,0017EA02,0,1,1,4294967295,0,0
colizao,384,1600,003B7E9E,0,1,1,4294967295,0,0
colizao,352,1600,0005634C,0,1,1,4294967295,0,0
colizao,320,1600,002F3CF5,0,1,1,4294967295,0,0
colizao,288,1600,000495CE,0,1,1,4294967295,0,0
colizao,256,1600,0014AD31,0,1,1,4294967295,0,0
colizao,256,1632,001E903F,0,1,1,4294967295,0,0
colizao,224,1632,001430E5,0,1,1,4294967295,0,0
colizao,192,1632,0039D058,0,1,1,4294967295,0,0
colizao,192,1664,00108BD3,0,1,1,4294967295,0,0
colizao,160,1664,00340D32,0,1,1,4294967295,0,0
colizao,128,1664,002A3A61,0,1,1,4294967295,0,0
colizao,128,1696,003C4F98,0,1,1,4294967295,0,0
colizao,128,1728,003AC0D4,0,1,1,4294967295,0,0
colizao,128,1760,002681CE,0,1,1,4294967295,0,0
colizao,96,1760,0006D3B8,0,1,1,4294967295,0,0
colizao,96,1792,0023CF8D,0,1,1,4294967295,0,0
colizao,96,1824,000A773E,0,1,1,4294967295,0,0
colizao,128,1824,0004DCEB,0,1,1,4294967295,0,0
colizao,128,1856,003D3404,0,1,1,4294967295,0,0
colizao,128,1888,00269757,0,1,1,4294967295,0,0
colizao,160,1888,003C92AD,0,1,1,4294967295,0,0
colizao,160,1920,001108CA,0,1,1,4294967295,0,0
colizao,192,1920,002F4AB7,0,1,1,4294967295,0,0
colizao,192,1952,00260F7F,0,1,1,4294967295,0,0
colizao,224,1952,002E2EB8,0,1,1,4294967295,0,0
colizao,224,1984,001E7608,0,1,1,4294967295,0,0
colizao,256,1984,00285344,0,1,1,4294967295,0,0
colizao,256,2016,00145A44,0,1,1,4294967295,0,0
colizao,288,2016,0034FF89,0,1,1,4294967295,0,0
colizao,288,2048,000B71EF,0,1,1,4294967295,0,0
colizao,320,2048,00339499,0,1,1,4294967295,0,0
colizao,320,2080,0018B330,0,1,1,4294967295,0,0
colizao,352,2080,002EC9D3,0,1,1,4294967295,0,0
colizao,384,2080,0022F287,0,1,1,4294967295,0,0
colizao,384,2112,003F632D,0,1,1,4294967295,0,0
colizao,448,2080,00294420,0,1,1,4294967295,0,0
colizao,480,2112,00217865,0,1,1,4294967295,0,0
colizao,512,2112,00044D01,0,1,1,4294967295,0,0
colizao,512,2144,0025D5B2,0,1,1,4294967295,0,0
colizao,544,2144,0022966F,0,1,1,4294967295,0,0
colizao,544,2176,000B9A25,0,1,1,4294967295,0,0
colizao,576,2176,00043E6E,0,1,1,4294967295,0,0
colizao,608,2176,0006A453,0,1,1,4294967295,0,0
colizao,608,2208,0033723F,0,1,1,4294967295,0,0
colizao,640,2208,0019A077,0,1,1,4294967295,0,0
colizao,640,2240,0000ABE2,0,1,1,4294967295,0,0
colizao,672,2240,002C55C9,0,1,1,4294967295,0,0
colizao,704,2240,000261D4,0,1,1,4294967295,0,0
colizao,704,2272,00017AE4,0,1,1,4294967295,0,0
colizao,736,2272,003B353D,0,1,1,4294967295,0,0
colizao,768,2272,0007373E,0,1,1,4294967295,0,0
colizao,800,2304,0007BA77,0,1,1,4294967295,0,0
colizao,832,2304,001A7237,0,1,1,4294967295,0,0
colizao,832,2336,0014FA8F,0,1,1,4294967295,0,0
colizao,864,2336,001D7088,0,1,1,4294967295,0,0
colizao,896,2336,001D990E,0,1,1,4294967295,0,0
colizao,896,2368,000FA78C,0,1,1,4294967295,0,0
colizao,2144,3072,0020AA3C,0,1,1,4294967295,0,0
colizao,2176,3072,00138DB6,0,1,1,4294967295,0,0
colizao,2176,3104,00223E2E,0,1,1,4294967295,0,0
colizao,2208,3104,0025C288,0,1,1,4294967295,0,0
colizao,2240,3104,0001701D,0,1,1,4294967295,0,0
colizao,2272,3104,0010972A,0,1,1,4294967295,0,0
colizao,2272,3136,0010E0C8,0,1,1,4294967295,0,0
colizao,2304,3136,0011384E,0,1,1,4294967295,0,0
colizao,896,2336,002ECC67,0,1,1,4294967295,0,0
colizao,896,2368,00029B8D,0,1,1,4294967295,0,0
colizao,928,2368,00087CBF,0,1,1,4294967295,0,0
colizao,960,2368,00359294,0,1,1,4294967295,0,0
colizao,960,2400,00340E74,0,1,1,4294967295,0,0
colizao,992,2400,00226DB9,0,1,1,4294967295,0,0
colizao,1024,2400,00075D95,0,1,1,4294967295,0,0
colizao,1056,2432,002AFC8F,0,1,1,4294967295,0,0
colizao,1184,2496,0021EFFD,0,1,1,4294967295,0,0
colizao,1216,2528,001EB23D,0,1,1,4294967295,0,0
colizao,1248,2528,003355EE,0,1,1,4294967295,0,0
colizao,1280,2528,00033059,0,1,1,4294967295,0,0
colizao,1280,2560,002BB5CB,0,1,1,4294967295,0,0
colizao,1312,2560,002CDACE,0,1,1,4294967295,0,0
colizao,1312,2592,0013D9E2,0,1,1,4294967295,0,0
colizao,1344,2592,000C0564,0,1,1,4294967295,0,0
colizao,1344,2624,000094F5,0,1,1,4294967295,0,0
colizao,1376,2624,0006A0F9,0,1,1,4294967295,0,0
colizao,1088,2432,0038DD93,0,1,1,4294967295,0,0
colizao,1120,2464,0023D41B,0,1,1,4294967295,0,0
colizao,1152,2464,0002BCBA,0,1,1,4294967295,0,0
colizao,1408,2624,0033E0FC,0,1,1,4294967295,0,0
colizao,1440,2624,000E7FBC,0,1,1,4294967295,0,0
colizao,1440,2656,00043C44,0,1,1,4294967295,0,0
colizao,1472,2656,00062F57,0,1,1,4294967295,0,0
colizao,1504,2656,00059430,0,1,1,4294967295,0,0
colizao,1504,2688,003DD7A7,0,1,1,4294967295,0,0
colizao,1536,2688,0035F7EE,0,1,1,4294967295,0,0
colizao,1536,2720,001B731B,0,1,1,4294967295,0,0
colizao,1568,2720,000593AC,0,1,1,4294967295,0,0
colizao,1568,2752,00376E1B,0,1,1,4294967295,0,0
colizao,1600,2752,002CD2A0,0,1,1,4294967295,0,0
colizao,1600,2784,00318880,0,1,1,4294967295,0,0
colizao,1632,2784,001C6269,0,1,1,4294967295,0,0
colizao,1664,2816,0028B39E,0,1,1,4294967295,0,0
colizao,1696,2816,002621F3,0,1,1,4294967295,0,0
colizao,1696,2848,002FF638,0,1,1,4294967295,0,0
colizao,1728,2848,000F6506,0,1,1,4294967295,0,0
colizao,1760,2848,001B5CE8,0,1,1,4294967295,0,0
colizao,1792,2880,00255741,0,1,1,4294967295,0,0
colizao,1824,2880,00379070,0,1,1,4294967295,0,0
colizao,1856,2880,00403223,0,1,1,4294967295,0,0
colizao,1856,2912,0019F2B0,0,1,1,4294967295,0,0
colizao,1888,2912,000616D1,0,1,1,4294967295,0,0
colizao,1888,2944,0007DB5D,0,1,1,4294967295,0,0
colizao,1920,2944,002528DE,0,1,1,4294967295,0,0
colizao,1952,2944,003F59FD,0,1,1,4294967295,0,0
colizao,1952,2976,00264881,0,1,1,4294967295,0,0
colizao,1984,2976,001AE6CE,0,1,1,4294967295,0,0
colizao,2016,2976,000C82E0,0,1,1,4294967295,0,0
colizao,2016,3008,0027BB8B,0,1,1,4294967295,0,0
colizao,2048,3008,00386A52,0,1,1,4294967295,0,0
colizao,2080,3008,0011BB19,0,1,1,4294967295,0,0
colizao,2112,3040,003E47B7,0,1,1,4294967295,0,0
colizao,2144,3040,000C575C,0,1,1,4294967295,0,0
colizao,2176,3040,00257F64,0,1,1,4294967295,0,0
colizao,2208,3040,0026B524,0,1,1,4294967295,0,0
colizao,2208,3072,002B1E92,0,1,1,4294967295,0,0
colizao,2240,3072,001D727A,0,1,1,4294967295,0,0
colizao,2272,3072,002E7838,0,1,1,4294967295,0,0
colizao,2272,3104,001EA74E,0,1,1,4294967295,0,0
colizao,2336,3136,0025C593,0,1,1,4294967295,0,0
colizao,2368,3136,0003808B,0,1,1,4294967295,0,0
colizao,2400,3136,000FCFE2,0,1,1,4294967295,0,0
colizao,2432,3136,000C92B8,0,1,1,4294967295,0,0
colizao,2464,3136,002C11F9,0,1,1,4294967295,0,0
colizao,2496,3136,00002D21,0,1,1,4294967295,0,0
colizao,2528,3136,003DCFC7,0,1,1,4294967295,0,0
colizao,2560,3136,0003BF62,0,1,1,4294967295,0,0
colizao,2592,3136,001F5A0D,0,1,1,4294967295,0,0
colizao,2592,3104,0032611D,0,1,1,4294967295,0,0
colizao,2624,3104,0016BF8D,0,1,1,4294967295,0,0
colizao,2624,3072,0028CE34,0,1,1,4294967295,0,0
colizao,2624,3040,0015CAD7,0,1,1,4294967295,0,0
colizao,2624,3008,00169B4D,0,1,1,4294967295,0,0
colizao,2624,2976,0005CA0C,0,1,1,4294967295,0,0
colizao,2624,2944,001FA516,0,1,1,4294967295,0,0
colizao,2624,2912,003F149F,0,1,1,4294967295,0,0
colizao,2624,2880,002CBDD7,0,1,1,4294967295,0,0
colizao,2624,2848,001133E5,0,1,1,4294967295,0,0
colizao,2592,2848,0027CB11,0,1,1,4294967295,0,0
colizao,2560,2848,002732EE,0,1,1,4294967295,0,0
colizao,2528,2848,00341D32,0,1,1,4294967295,0,0
colizao,2496,2848,002CDA82,0,1,1,4294967295,0,0
colizao,2432,2848,0001DC31,0,1,1,4294967295,0,0
colizao,2400,2848,003582C5,0,1,1,4294967295,0,0
colizao,2368,2848,000B910A,0,1,1,4294967295,0,0
colizao,2336,2848,00319D84,0,1,1,4294967295,0,0
colizao,2368,2848,00120C85,0,1,1,4294967295,0,0
colizao,2400,2848,000D2E27,0,1,1,4294967295,0,0
colizao,2432,2848,0008FCE1,0,1,1,4294967295,0,0
colizao,2464,2848,002D7B18,0,1,1,4294967295,0,0
colizao,2304,2848,0039AEB6,0,1,1,4294967295,0,0
colizao,2272,2848,0010E780,0,1,1,4294967295,0,0
colizao,2240,2848,002EA505,0,1,1,4294967295,0,0
colizao,2208,2848,000E43D9,0,1,1,4294967295,0,0
colizao,2144,2784,003B0256,0,1,1,4294967295,0,0
colizao,2112,2784,000E48C6,0,1,1,4294967295,0,0
colizao,2112,2752,00378351,0,1,1,4294967295,0,0
colizao,2080,2752,003BA9A0,0,1,1,4294967295,0,0
colizao,2080,2720,000476CB,0,1,1,4294967295,0,0
colizao,2048,2720,00318E4A,0,1,1,4294967295,0,0
colizao,2016,2720,00011430,0,1,1,4294967295,0,0
colizao,2016,2688,00002C86,0,1,1,4294967295,0,0
colizao,1984,2688,0012978B,0,1,1,4294967295,0,0
colizao,1984,2656,00281AB5,0,1,1,4294967295,0,0
colizao,1952,2656,00296DE5,0,1,1,4294967295,0,0
colizao,1920,2656,003B1F6B,0,1,1,4294967295,0,0
colizao,1920,2624,0025AAA3,0,1,1,4294967295,0,0
colizao,1888,2624,0030F1E8,0,1,1,4294967295,0,0
colizao,1856,2624,000571A2,0,1,1,4294967295,0,0
colizao,1856,2592,00134C36,0,1,1,4294967295,0,0
colizao,1824,2592,001E45B9,0,1,1,4294967295,0,0
colizao,1824,2560,0021BC15,0,1,1,4294967295,0,0
colizao,1792,2560,002E2B2C,0,1,1,4294967295,0,0
colizao,1792,2528,000B05B1,0,1,1,4294967295,0,0
colizao,1760,2528,001C9FF9,0,1,1,4294967295,0,0
colizao,1728,2528,003FA299,0,1,1,4294967295,0,0
colizao,1728,2496,0021C2DB,0,1,1,4294967295,0,0
colizao,1696,2496,000BECAB,0,1,1,4294967295,0,0
colizao,2144,2784,0011D597,0,1,1,4294967295,0,0
colizao,2176,2784,0012BBC4,0,1,1,4294967295,0,0
colizao,2176,2816,0019306F,0,1,1,4294967295,0,0
colizao,2208,2816,00260817,0,1,1,4294967295,0,0
colizao,1664,2496,00038233,0,1,1,4294967295,0,0
colizao,1632,2464,003499B5,0,1,1,4294967295,0,0
colizao,1600,2464,00320327,0,1,1,4294967295,0,0
colizao,1600,2432,0000B883,0,1,1,4294967295,0,0
colizao,1568,2432,000FA430,0,1,1,4294967295,0,0
colizao,1536,2432,001D3160,0,1,1,4294967295,0,0
colizao,1504,2432,0026D8F9,0,1,1,4294967295,0,0
colizao,1504,2400,0013F870,0,1,1,4294967295,0,0
colizao,1472,2400,000FA403,0,1,1,4294967295,0,0
colizao,1472,2368,00122DF0,0,1,1,4294967295,0,0
colizao,1440,2368,001E1C22,0,1,1,4294967295,0,0
colizao,1408,2368,0007BEB1,0,1,1,4294967295,0,0
colizao,1408,2336,000AD2E2,0,1,1,4294967295,0,0
colizao,1376,2336,001BC1D6,0,1,1,4294967295,0,0
colizao,1344,2336,002353F6,0,1,1,4294967295,0,0
colizao,1344,2304,00332CC6,0,1,1,4294967295,0,0
colizao,1312,2304,0035F94D,0,1,1,4294967295,0,0
colizao,1280,2304,003EB27F,0,1,1,4294967295,0,0
colizao,1248,2272,00342A60,0,1,1,4294967295,0,0
colizao,1216,2272,0037D402,0,1,1,4294967295,0,0
colizao,1216,2240,000E76C2,0,1,1,4294967295,0,0
colizao,1184,2240,00046D99,0,1,1,4294967295,0,0
colizao,1152,2240,00174501,0,1,1,4294967295,0,0
colizao,1120,2208,0012083F,0,1,1,4294967295,0,0
colizao,1088,2208,0034011E,0,1,1,4294967295,0,0
colizao,1088,2176,002F5AAF,0,1,1,4294967295,0,0
colizao,1056,2176,00051877,0,1,1,4294967295,0,0
colizao,1056,2144,003D7BB4,0,1,1,4294967295,0,0
colizao,1024,2144,002860EF,0,1,1,4294967295,0,0
colizao,1024,2112,003F515D,0,1,1,4294967295,0,0
colizao,992,2112,00379212,0,1,1,4294967295,0,0
colizao,960,2112,00203E45,0,1,1,4294967295,0,0
colizao,928,2112,003D6750,0,1,1,4294967295,0,0
colizao,928,2080,000A6C46,0,1,1,4294967295,0,0
colizao,896,2080,0008530E,0,1,1,4294967295,0,0
colizao,864,2080,00050528,0,1,1,4294967295,0,0
colizao,864,2048,0037C790,0,1,1,4294967295,0,0
colizao,832,2048,002F6398,0,1,1,4294967295,0,0
colizao,800,2048,00185ED5,0,1,1,4294967295,0,0
colizao,800,2016,00308831,0,1,1,4294967295,0,0
colizao,768,2016,000BD8AC,0,1,1,4294967295,0,0
colizao,736,2016,003B26F9,0,1,1,4294967295,0,0
colizao,736,1984,0040252D,0,1,1,4294967295,0,0
colizao,704,1984,00387856,0,1,1,4294967295,0,0
colizao,672,1984,00205ECF,0,1,1,4294967295,0,0
colizao,640,1984,0033102E,0,1,1,4294967295,0,0
colizao,640,1952,002691B6,0,1,1,4294967295,0,0
colizao,608,1952,0010AEDB,0,1,1,4294967295,0,0
colizao,576,1920,00153CE8,0,1,1,4294967295,0,0
colizao,544,1920,0038C75A,0,1,1,4294967295,0,0
colizao,544,1888,00237F70,0,1,1,4294967295,0,0
colizao,512,1888,000E8413,0,1,1,4294967295,0,0
colizao,480,1888,00219A28,0,1,1,4294967295,0,0
colizao,480,1856,0014DB12,0,1,1,4294967295,0,0
colizao,512,1856,0022011E,0,1,1,4294967295,0,0
colizao,544,1856,0035AA8E,0,1,1,4294967295,0,0
colizao,576,1824,00230463,0,1,1,4294967295,0,0
colizao,576,1856,000490E8,0,1,1,4294967295,0,0
colizao,608,1856,000D71DF,0,1,1,4294967295,0,0
colizao,608,1824,00331C7A,0,1,1,4294967295,0,0
colizao,640,1824,0010AF99,0,1,1,4294967295,0,0
colizao,672,1824,00330A00,0,1,1,4294967295,0,0
colizao,704,1824,001E7211,0,1,1,4294967295,0,0
colizao,704,1792,00395435,0,1,1,4294967295,0,0
colizao,736,1792,000FDBB5,0,1,1,4294967295,0,0
colizao,768,1792,001A1C94,0,1,1,4294967295,0,0
colizao,768,1760,002DDD55,0,1,1,4294967295,0,0
colizao,800,1760,003E06A8,0,1,1,4294967295,0,0
colizao,832,1760,0038714D,0,1,1,4294967295,0,0
colizao,832,1728,001873E4,0,1,1,4294967295,0,0
colizao,864,1728,0006ED26,0,1,1,4294967295,0,0
colizao,896,1728,002F4180,0,1,1,4294967295,0,0
colizao,928,1728,0028F82F,0,1,1,4294967295,0,0
colizao,928,1696,00123359,0,1,1,4294967295,0,0
colizao,960,1696,003F0081,0,1,1,4294967295,0,0
colizao,992,1696,0001AE1D,0,1,1,4294967295,0,0
colizao,1024,1696,001ACA5F,0,1,1,4294967295,0,0
colizao,1024,1664,000C9F1D,0,1,1,4294967295,0,0
colizao,1056,1664,002636B7,0,1,1,4294967295,0,0
colizao,1088,1664,000B79ED,0,1,1,4294967295,0,0
colizao,1088,1632,0031DE98,0,1,1,4294967295,0,0
colizao,1120,1632,003CF7AE,0,1,1,4294967295,0,0
colizao,1152,1632,00402811,0,1,1,4294967295,0,0
colizao,1184,1632,002D3989,0,1,1,4294967295,0,0
colizao,1184,1600,00197889,0,1,1,4294967295,0,0
colizao,1216,1600,0015055D,0,1,1,4294967295,0,0
colizao,1248,1600,00319D6E,0,1,1,4294967295,0,0
colizao,1280,1600,001E60FB,0,1,1,4294967295,0,0
colizao,1280,1568,000E004E,0,1,1,4294967295,0,0
colizao,1312,1568,002CA541,0,1,1,4294967295,0,0
colizao,1344,1568,003344A9,0,1,1,4294967295,0,0
colizao,1344,1536,003FA15C,0,1,1,4294967295,0,0
colizao,1376,1536,003F91DE,0,1,1,4294967295,0,0
colizao,1408,1536,002BB096,0,1,1,4294967295,0,0
colizao,1408,1504,0019C320,0,1,1,4294967295,0,0
colizao,1440,1504,002308A3,0,1,1,4294967295,0,0
colizao,1472,1504,000DF165,0,1,1,4294967295,0,0
colizao,1504,1504,00379F80,0,1,1,4294967295,0,0
colizao,1536,1504,001ECCF5,0,1,1,4294967295,0,0
colizao,1536,1472,0012C86F,0,1,1,4294967295,0,0
colizao,1568,1472,003051A2,0,1,1,4294967295,0,0
colizao,1600,1472,002982C0,0,1,1,4294967295,0,0
colizao,1632,1472,001E930F,0,1,1,4294967295,0,0
colizao,1664,1472,00239005,0,1,1,4294967295,0,0
colizao,1696,1472,001F60AA,0,1,1,4294967295,0,0
colizao,1696,1440,002B5E2A,0,1,1,4294967295,0,0
colizao,1728,1440,0013A443,0,1,1,4294967295,0,0
colizao,1760,1440,00394491,0,1,1,4294967295,0,0
colizao,1792,1440,003B2C2A,0,1,1,4294967295,0,0
colizao,1824,1440,0024FF8F,0,1,1,4294967295,0,0
colizao,1824,1408,00266595,0,1,1,4294967295,0,0
colizao,1856,1408,00303215,0,1,1,4294967295,0,0
colizao,1888,1408,002256AC,0,1,1,4294967295,0,0
colizao,1888,1376,0035D192,0,1,1,4294967295,0,0
colizao,1920,1376,00370590,0,1,1,4294967295,0,0
colizao,1952,1376,002DB861,0,1,1,4294967295,0,0
colizao,1984,1376,00113E32,0,1,1,4294967295,0,0
colizao,2016,1376,000431A8,0,1,1,4294967295,0,0
colizao,2016,1344,001A4713,0,1,1,4294967295,0,0
colizao,2048,1344,002A6AA1,0,1,1,4294967295,0,0
colizao,2080,1344,0022557A,0,1,1,4294967295,0,0
colizao,2112,1344,0000C3AA,0,1,1,4294967295,0,0
colizao,2112,1312,000F9C04,0,1,1,4294967295,0,0
colizao,2144,1312,001A2F19,0,1,1,4294967295,0,0
colizao,2176,1312,0021B16B,0,1,1,4294967295,0,0
colizao,2208,1312,0003A124,0,1,1,4294967295,0,0
colizao,2240,1312,0005FB9E,0,1,1,4294967295,0,0
colizao,2240,1280,0024C12C,0,1,1,4294967295,0,0
colizao,2272,1280,00331144,0,1,1,4294967295,0,0
colizao,2304,1280,0003B0CC,0,1,1,4294967295,0,0
colizao,2304,1248,00192517,0,1,1,4294967295,0,0
colizao,2336,1248,0030C1F1,0,1,1,4294967295,0,0
colizao,2368,1248,0016ED19,0,1,1,4294967295,0,0
colizao,2368,1216,00301DE7,0,1,1,4294967295,0,0
colizao,2400,1216,003C0736,0,1,1,4294967295,0,0
colizao,2432,1216,0015D316,0,1,1,4294967295,0,0
colizao,2464,1216,003109AC,0,1,1,4294967295,0,0
colizao,2464,1184,00067E7E,0,1,1,4294967295,0,0
colizao,2496,1184,00187342,0,1,1,4294967295,0,0
colizao,2528,1184,001853DF,0,1,1,4294967295,0,0
colizao,2560,1184,003B038E,0,1,1,4294967295,0,0
colizao,2560,1152,0014C42A,0,1,1,4294967295,0,0
colizao,2592,1152,003C53F9,0,1,1,4294967295,0,0
colizao,2624,1152,00200391,0,1,1,4294967295,0,0
colizao,2656,1120,0026DABF,0,1,1,4294967295,0,0
colizao,2688,1120,001AF1AA,0,1,1,4294967295,0,0
colizao,2720,1088,003689B9,0,1,1,4294967295,0,0
colizao,2720,1056,002F5991,0,1,1,4294967295,0,0
colizao,2752,1024,003D3372,0,1,1,4294967295,0,0
colizao,2784,1024,001EE977,0,1,1,4294967295,0,0
colizao,2784,992,0021A9BF,0,1,1,4294967295,0,0
colizao,2816,992,002C6AEA,0,1,1,4294967295,0,0
colizao,2816,960,0015DF36,0,1,1,4294967295,0,0
colizao,2816,928,0008693F,0,1,1,4294967295,0,0
colizao,2784,928,001D7F25,0,1,1,4294967295,0,0
colizao,2784,896,001FA342,0,1,1,4294967295,0,0
colizao,2752,896,001DCED9,0,1,1,4294967295,0,0
colizao,2752,864,0032E78E,0,1,1,4294967295,0,0
colizao,2720,864,0010ECA2,0,1,1,4294967295,0,0
colizao,2688,864,001A6B98,0,1,1,4294967295,0,0
colizao,2656,864,002342BF,0,1,1,4294967295,0,0
colizao,2624,864,001BA253,0,1,1,4294967295,0,0
colizao,2624,832,000909CE,0,1,1,4294967295,0,0
colizao,2592,864,003D2BEC,0,1,1,4294967295,0,0
colizao,2560,864,0037176B,0,1,1,4294967295,0,0
colizao,2528,864,002CEF72,0,1,1,4294967295,0,0
colizao,2496,864,00035DB8,0,1,1,4294967295,0,0
colizao,2464,864,0028657E,0,1,1,4294967295,0,0
colizao,2432,864,001174E0,0,1,1,4294967295,0,0
colizao,2432,832,00081E31,0,1,1,4294967295,0,0
colizao,2400,832,003E8413,0,1,1,4294967295,0,0
colizao,2368,832,000D0FC3,0,1,1,4294967295,0,0
colizao,2336,832,00122F74,0,1,1,4294967295,0,0
colizao,2304,832,000DBB34,0,1,1,4294967295,0,0
colizao,2304,800,0011C187,0,1,1,4294967295,0,0
colizao,2272,800,00283EFA,0,1,1,4294967295,0,0
colizao,2240,800,00314ADB,0,1,1,4294967295,0,0
colizao,2208,800,002DDFC7,0,1,1,4294967295,0,0
colizao,2208,768,001633F9,0,1,1,4294967295,0,0
colizao,2176,768,0029E589,0,1,1,4294967295,0,0
colizao,2144,768,001E2391,0,1,1,4294967295,0,0
colizao,2144,736,003E18A8,0,1,1,4294967295,0,0
colizao,2112,736,002C409C,0,1,1,4294967295,0,0
colizao,2080,736,00281249,0,1,1,4294967295,0,0
colizao,2048,704,00376E71,0,1,1,4294967295,0,0
colizao,2016,704,00384327,0,1,1,4294967295,0,0
colizao,2016,672,00112DCA,0,1,1,4294967295,0,0
colizao,1984,672,00131389,0,1,1,4294967295,0,0
colizao,1984,640,000D49BE,0,1,1,4294967295,0,0
colizao,1952,640,003932A1,0,1,1,4294967295,0,0
colizao,1952,608,003554E2,0,1,1,4294967295,0,0
colizao,1920,608,002C4A91,0,1,1,4294967295,0,0
colizao,1920,576,002ECAE7,0,1,1,4294967295,0,0
colizao,1888,576,0026025E,0,1,1,4294967295,0,0
colizao,1888,544,0012DAFE,0,1,1,4294967295,0,0
colizao,1856,544,000BF398,0,1,1,4294967295,0,0
colizao,1856,512,0005F652,0,1,1,4294967295,0,0
colizao,1824,512,00307030,0,1,1,4294967295,0,0
colizao,1792,512,001EBE4B,0,1,1,4294967295,0,0
colizao,1760,512,0019382A,0,1,1,4294967295,0,0
colizao,1760,480,00267D30,0,1,1,4294967295,0,0
colizao,1728,480,003F0A1B,0,1,1,4294967295,0,0
colizao,1696,480,002F403F,0,1,1,4294967295,0,0
colizao,1664,480,001D978C,0,1,1,4294967295,0,0
colizao,1632,480,00305CB9,0,1,1,4294967295,0,0
colizao,1632,448,00123EB3,0,1,1,4294967295,0,0
colizao,1600,448,00110EF0,0,1,1,4294967295,0,0
colizao,1568,448,00388572,0,1,1,4294967295,0,0
colizao,1568,416,000A078A,0,1,1,4294967295,0,0
colizao,1536,416,000D3412,0,1,1,4294967295,0,0
colizao,1504,416,000BABC1,0,1,1,4294967295,0,0
colizao,1472,416,003DD4C6,0,1,1,4294967295,0,0
colizao,1472,384,003862C2,0,1,1,4294967295,0,0
colizao,1440,384,00168E87,0,1,1,4294967295,0,0
colizao,1440,352,0026BE2C,0,1,1,4294967295,0,0
colizao,1408,352,0020DE2B,0,1,1,4294967295,0,0
colizao,1408,320,002E4EB9,0,1,1,4294967295,0,0
colizao,1376,320,001C1A6B,0,1,1,4294967295,0,0
colizao,1344,320,00156FC6,0,1,1,4294967295,0,0
colizao,1312,320,0019E8B3,0,1,1,4294967295,0,0
colizao,1312,288,0004CCDF,0,1,1,4294967295,0,0
colizao,1280,288,000DEDB8,0,1,1,4294967295,0,0
colizao,1248,288,003B522A,0,1,1,4294967295,0,0
colizao,1248,256,00044452,0,1,1,4294967295,0,0
colizao,1216,256,00109407,0,1,1,4294967295,0,0
colizao,1184,256,0039040E,0,1,1,4294967295,0,0
colizao,1184,224,00099F02,0,1,1,4294967295,0,0
colizao,1152,224,00066459,0,1,1,4294967295,0,0
colizao,1120,224,00221553,0,1,1,4294967295,0,0
colizao,1088,224,0036555C,0,1,1,4294967295,0,0
colizao,1088,192,000EE781,0,1,1,4294967295,0,0
colizao,1056,192,00204FCF,0,1,1,4294967295,0,0
colizao,1024,192,000CBE09,0,1,1,4294967295,0,0
colizao,992,160,0039A242,0,1,1,4294967295,0,0
colizao,960,160,0013AC43,0,1,1,4294967295,0,0
colizao,960,128,001102C1,0,1,1,4294967295,0,0
colizao,928,128,001EF866,0,1,1,4294967295,0,0
colizao,896,128,0011BDDE,0,1,1,4294967295,0,0
colizao,896,96,003EA64D,0,1,1,4294967295,0,0
colizao,864,96,00124ECA,0,1,1,4294967295,0,0
colizao,864,64,000437BB,0,1,1,4294967295,0,0
colizao,832,64,0005FBC4,0,1,1,4294967295,0,0
colizao,800,64,003E2AAC,0,1,1,4294967295,0,0
colizao,800,32,0037C66C,0,1,1,4294967295,0,0
colizao,768,32,00209717,0,1,1,4294967295,0,0
colizao,736,32,0003CC57,0,1,1,4294967295,0,0
colizao,704,32,000DA9BD,0,1,1,4294967295,0,0
colizao,704,0,0011841B,0,1,1,4294967295,0,0
colizao,672,0,003B475A,0,1,1,4294967295,0,0
colizao,640,0,0026EBAC,0,1,1,4294967295,0,0
colizao,608,0,0037EC0B,0,1,1,4294967295,0,0
colizao,288,32,00036809,0,1,1,4294967295,0,0
colizao,256,32,00280735,0,1,1,4294967295,0,0
colizao,224,32,00306FD0,0,1,1,4294967295,0,0
colizao,192,32,00075018,0,1,1,4294967295,0,0
colizao,128,32,000B08E6,0,1,1,4294967295,0,0
colizao,96,32,00281A4A,0,1,1,4294967295,0,0
colizao,64,32,00161FA5,0,1,1,4294967295,0,0
colizao,32,32,002E5457,0,1,1,4294967295,0,0
colizao,0,32,0007E35C,0,1,1,4294967295,0,0
colizao,32,32,000CAD0D,0,1,1,4294967295,0,0
colizao,64,32,001F5A18,0,1,1,4294967295,0,0
colizao,96,32,003096C5,0,1,1,4294967295,0,0
colizao,128,32,00233CF3,0,1,1,4294967295,0,0
colizao,160,32,00391FCB,0,1,1,4294967295,0,0
Player_Horse,1088,352,0016063D,0,1,1,4294967295,0,0
Ghost_Nimbus_Boss,416,0,003A1574,0,1,1,4294967295,0,0
Speed_Radar_Silesia,2016,2816,000540C6,0,1,1,4294967295,0,0
Speed_Radar_Silesia,704,2112,002B5EC0,0,1,1,4294967295,0,0
Speed_Radar_Silesia,1216,1504,002572D7,0,1,1,4294967295,0,0
Speed_Radar_Silesia,1216,384,000F8293,0,1,1,4294967295,0,0
Speed_Radar_Silesia,1952,768,0019F8F0,0,1,1,4294967295,0,0
Chegada_RVL,2208,2880,000B6AA3,0,1,1,4294967295,0,0
Chegada_RVL,2208,2912,000A6573,0,1,1,4294967295,0,0
Chegada_RVL,2208,2944,00204908,0,1,1,4294967295,0,0
Chegada_RVL,2208,3008,002FE36A,0,1,1,4294967295,0,0
Chegada_RVL,2240,3040,00073CA4,0,1,1,4294967295,0,0
Chegada_RVL,2240,3008,000F3A95,0,1,1,4294967295,0,0
Chegada_RVL,2208,2976,000804CF,0,1,1,4294967295,0,0
Chegada_RVL,2240,2976,00144F6B,0,1,1,4294967295,0,0
Chegada_RVL,2240,2944,0018F0EC,0,1,1,4294967295,0,0
Chegada_RVL,2240,2912,0016EB87,0,1,1,4294967295,0,0
Chegada_RVL,2240,2880,0028BF83,0,1,1,4294967295,0,0
Chegada_RVL,2272,2880,001A32C8,0,1,1,4294967295,0,0
Chegada_RVL,2304,2880,0022201F,0,1,1,4294967295,0,0
Chegada_RVL,2336,2880,0011B76E,0,1,1,4294967295,0,0
Chegada_RVL,2368,2880,0009E238,0,1,1,4294967295,0,0
Chegada_RVL,2400,2880,0008C80E,0,1,1,4294967295,0,0
Chegada_RVL,2432,2880,00171A8F,0,1,1,4294967295,0,0
Chegada_RVL,2464,2880,00005DE6,0,1,1,4294967295,0,0
Chegada_RVL,2496,2880,00062803,0,1,1,4294967295,0,0
Chegada_RVL,2496,2912,0004F1D0,0,1,1,4294967295,0,0
Chegada_RVL,2496,2944,0004C9CE,0,1,1,4294967295,0,0
Chegada_RVL,2496,2976,003DB818,0,1,1,4294967295,0,0
Chegada_RVL,2496,3008,0014A623,0,1,1,4294967295,0,0
Chegada_RVL,2496,3040,00109A30,0,1,1,4294967295,0,0
Chegada_RVL,2496,3072,000C56D1,0,1,1,4294967295,0,0
Chegada_RVL,2496,3104,00137A9D,0,1,1,4294967295,0,0
Chegada_RVL,2464,3104,0014D3D5,0,1,1,4294967295,0,0
Chegada_RVL,2432,3104,00113924,0,1,1,4294967295,0,0
Chegada_RVL,2400,3104,003F7D2A,0,1,1,4294967295,0,0
Chegada_RVL,2368,3104,0037631B,0,1,1,4294967295,0,0
Chegada_RVL,2336,3104,000ED4FE,0,1,1,4294967295,0,0
Chegada_RVL,2336,3072,001C38B0,0,1,1,4294967295,0,0
Chegada_RVL,2304,3072,00183E05,0,1,1,4294967295,0,0
Chegada_RVL,2304,3104,000DA0D4,0,1,1,4294967295,0,0
Chegada_RVL,2272,3040,002AC37A,0,1,1,4294967295,0,0
Chegada_RVL,2304,3040,00172904,0,1,1,4294967295,0,0
Chegada_RVL,2336,3040,0019CC1E,0,1,1,4294967295,0,0
Chegada_RVL,2368,3040,003330F4,0,1,1,4294967295,0,0
Chegada_RVL,2368,3072,0031C490,0,1,1,4294967295,0,0
Chegada_RVL,2400,3072,000C4DD4,0,1,1,4294967295,0,0
Chegada_RVL,2432,3072,002FA5D1,0,1,1,4294967295,0,0
Chegada_RVL,2464,3072,000BBB45,0,1,1,4294967295,0,0
Chegada_RVL,2496,3072,003DBFE6,0,1,1,4294967295,0,0
Chegada_RVL,2464,3040,002152F1,0,1,1,4294967295,0,0
Chegada_RVL,2432,3040,003BEEDC,0,1,1,4294967295,0,0
Chegada_RVL,2400,3040,0034F4E0,0,1,1,4294967295,0,0
Chegada_RVL,2400,3008,0007DC8D,0,1,1,4294967295,0,0
Chegada_RVL,2432,3008,002F2729,0,1,1,4294967295,0,0
Chegada_RVL,2464,3008,000CEFA7,0,1,1,4294967295,0,0
Chegada_RVL,2464,2976,003BC8B3,0,1,1,4294967295,0,0
Chegada_RVL,2464,2944,001C6B64,0,1,1,4294967295,0,0
Chegada_RVL,2464,2912,000B2CE3,0,1,1,4294967295,0,0
Chegada_RVL,2432,2912,00062CDB,0,1,1,4294967295,0,0
Chegada_RVL,2400,2912,0013C130,0,1,1,4294967295,0,0
Chegada_RVL,2368,2912,0001BA65,0,1,1,4294967295,0,0
Chegada_RVL,2336,2912,002053E2,0,1,1,4294967295,0,0
Chegada_RVL,2304,2912,0015689A,0,1,1,4294967295,0,0
Chegada_RVL,2272,2912,0011D985,0,1,1,4294967295,0,0
Chegada_RVL,2272,2944,003C879E,0,1,1,4294967295,0,0
Chegada_RVL,2272,2976,000483E2,0,1,1,4294967295,0,0
Chegada_RVL,2272,3008,002219D2,0,1,1,4294967295,0,0
Chegada_RVL,2304,3008,00025F82,0,1,1,4294967295,0,0
Chegada_RVL,2336,3008,001C0F3E,0,1,1,4294967295,0,0
Chegada_RVL,2368,3008,000EF0C2,0,1,1,4294967295,0,0
Chegada_RVL,2336,3008,00305E36,0,1,1,4294967295,0,0
Chegada_RVL,2336,2976,0003DEBD,0,1,1,4294967295,0,0
Chegada_RVL,2304,2976,001A8533,0,1,1,4294967295,0,0
Chegada_RVL,2304,2944,0037F82E,0,1,1,4294967295,0,0
Chegada_RVL,2336,2944,00022B7F,0,1,1,4294967295,0,0
Chegada_RVL,2368,2944,001AAEA6,0,1,1,4294967295,0,0
Chegada_RVL,2400,2944,001B427B,0,1,1,4294967295,0,0
Chegada_RVL,2432,2944,0025DED2,0,1,1,4294967295,0,0
Chegada_RVL,2432,2976,0013D410,0,1,1,4294967295,0,0
Chegada_RVL,2400,2976,0005D972,0,1,1,4294967295,0,0
Chegada_RVL,2368,2976,00311552,0,1,1,4294967295,0,0
Chegada_RVL,2496,3104,00151263,0,1,1,4294967295,0,0
Chegada_RVL,2464,3104,001A9411,0,1,1,4294967295,0,0
Chegada_RVL,2432,3104,002D4CBE,0,1,1,4294967295,0,0
Chegada_RVL,2400,3104,001B724F,0,1,1,4294967295,0,0
Chegada_RVL,2368,3104,00182271,0,1,1,4294967295,0,0
Chegada_RVL,2336,3104,0005BB41,0,1,1,4294967295,0,0
Chegada_RVL,2336,3072,000C4C4A,0,1,1,4294967295,0,0
Chegada_RVL,2336,3040,000056B3,0,1,1,4294967295,0,0
Chegada_RVL,2336,2976,00010615,0,1,1,4294967295,0,0
Chegada_RVL,2368,2976,0009941C,0,1,1,4294967295,0,0
Chegada_RVL,2400,2976,0015D52B,0,1,1,4294967295,0,0
Chegada_RVL,2432,2976,00336C00,0,1,1,4294967295,0,0
Chegada_RVL,2464,2976,0012D11D,0,1,1,4294967295,0,0
Chegada_RVL,2496,2976,000F6E4F,0,1,1,4294967295,0,0
Chegada_RVL,2496,3008,00122214,0,1,1,4294967295,0,0
Chegada_RVL,2496,3040,002D9407,0,1,1,4294967295,0,0
Chegada_RVL,2464,3072,0028408A,0,1,1,4294967295,0,0
Chegada_RVL,2432,3072,0037AAC1,0,1,1,4294967295,0,0
Chegada_RVL,2400,3072,001322FE,0,1,1,4294967295,0,0
Chegada_RVL,2368,3072,002BBA8C,0,1,1,4294967295,0,0
Chegada_RVL,2368,3040,001131CB,0,1,1,4294967295,0,0
Chegada_RVL,2400,3040,00263E68,0,1,1,4294967295,0,0
Chegada_RVL,2432,3040,002298D1,0,1,1,4294967295,0,0
Chegada_RVL,2464,3040,00320E5E,0,1,1,4294967295,0,0
Chegada_RVL,2464,3008,0034F6CA,0,1,1,4294967295,0,0
Chegada_RVL,2432,3008,00281476,0,1,1,4294967295,0,0
Chegada_RVL,2400,3008,00227922,0,1,1,4294967295,0,0
Chegada_RVL,2368,3008,000AA2CB,0,1,1,4294967295,0,0
Chegada_RVL,2528,2880,0015DC96,0,1,1,4294967295,0,0
Chegada_RVL,2560,2880,0007AB7A,0,1,1,4294967295,0,0
Chegada_RVL,2592,2880,0026E991,0,1,1,4294967295,0,0
Chegada_RVL,2592,2912,00225903,0,1,1,4294967295,0,0
Chegada_RVL,2592,2944,002AFAD1,0,1,1,4294967295,0,0
Chegada_RVL,2592,2976,0000E043,0,1,1,4294967295,0,0
Chegada_RVL,2592,3008,001F860E,0,1,1,4294967295,0,0
Chegada_RVL,2592,3040,0033A68C,0,1,1,4294967295,0,0
Chegada_RVL,2592,3072,0007736D,0,1,1,4294967295,0,0
Chegada_RVL,2560,3104,000AAD9C,0,1,1,4294967295,0,0
Chegada_RVL,2528,3104,0038842C,0,1,1,4294967295,0,0
Chegada_RVL,2528,3072,0006FED5,0,1,1,4294967295,0,0
Chegada_RVL,2560,3072,00265296,0,1,1,4294967295,0,0
Chegada_RVL,2560,3040,0004BA1C,0,1,1,4294967295,0,0
Chegada_RVL,2528,3040,0028B3A4,0,1,1,4294967295,0,0
Chegada_RVL,2528,3008,00197009,0,1,1,4294967295,0,0
Chegada_RVL,2560,3008,00321269,0,1,1,4294967295,0,0
Chegada_RVL,2560,2976,0022FB30,0,1,1,4294967295,0,0
Chegada_RVL,2560,2944,0036785C,0,1,1,4294967295,0,0
Chegada_RVL,2560,2912,000A151B,0,1,1,4294967295,0,0
Chegada_RVL,2528,2912,003DF772,0,1,1,4294967295,0,0
Chegada_RVL,2528,2944,0000A7BE,0,1,1,4294967295,0,0
Chegada_RVL,2528,2976,00065CCE,0,1,1,4294967295,0,0
Chegada_RVL,2528,2976,00072FF4,0,1,1,4294967295,0,0
Chegada_RVL,2560,2976,002AF2AD,0,1,1,4294967295,0,0
Chegada_RVL,2592,2976,0019A80F,0,1,1,4294967295,0,0
Chegada_RVL,2592,3008,001FBA71,0,1,1,4294967295,0,0
Chegada_RVL,2592,3040,0038555D,0,1,1,4294967295,0,0
Chegada_RVL,2592,3072,000A2E6E,0,1,1,4294967295,0,0
Chegada_RVL,2560,3072,002F6643,0,1,1,4294967295,0,0
Chegada_RVL,2560,3104,0017B5B1,0,1,1,4294967295,0,0
Chegada_RVL,2528,3104,003AFD65,0,1,1,4294967295,0,0
Chegada_RVL,2528,3072,001ABAC7,0,1,1,4294967295,0,0
Chegada_RVL,2528,3040,003A4698,0,1,1,4294967295,0,0
Chegada_RVL,2528,3008,003124BE,0,1,1,4294967295,0,0
Chegada_RVL,2560,3040,001605F8,0,1,1,4294967295,0,0
Chegada_RVL,2560,3008,0010FEB9,0,1,1,4294967295,0,0
Chegada_RVL,2336,2944,000E7CC1,0,1,1,4294967295,0,0
Chegada_RVL,2336,2912,0001332D,0,1,1,4294967295,0,0
Chegada_RVL,2368,2912,00144C27,0,1,1,4294967295,0,0
Chegada_RVL,2400,2912,0029B9E3,0,1,1,4294967295,0,0
Chegada_RVL,2432,2912,00320587,0,1,1,4294967295,0,0
Chegada_RVL,2464,2912,00065ED4,0,1,1,4294967295,0,0
Chegada_RVL,2496,2912,0009EEE4,0,1,1,4294967295,0,0
Chegada_RVL,2528,2912,00132C88,0,1,1,4294967295,0,0
Chegada_RVL,2560,2912,002A9DBA,0,1,1,4294967295,0,0
Chegada_RVL,2592,2912,00220B68,0,1,1,4294967295,0,0
Chegada_RVL,2592,2944,00198E01,0,1,1,4294967295,0,0
Chegada_RVL,2560,2944,00104B53,0,1,1,4294967295,0,0
Chegada_RVL,2528,2944,00254585,0,1,1,4294967295,0,0
Chegada_RVL,2496,2944,00014E58,0,1,1,4294967295,0,0
Chegada_RVL,2464,2944,00195055,0,1,1,4294967295,0,0
Chegada_RVL,2432,2944,0000291A,0,1,1,4294967295,0,0
Chegada_RVL,2400,2944,001BC7C8,0,1,1,4294967295,0,0
Chegada_RVL,2368,2944,000A5E98,0,1,1,4294967295,0,0
