player_RE1,512,352,00105810,0,1,1,4294967295,0,0
colizao,416,576,001EFD8B,0,1,1,4294967295,0,0
colizao,416,544,001480E1,0,1,1,4294967295,0,0
colizao,416,512,00234B09,0,1,1,4294967295,0,0
colizao,416,480,003E35E3,0,1,1,4294967295,0,0
colizao,384,448,0036A02C,0,1,1,4294967295,0,0
colizao,352,448,002BF2FB,0,1,1,4294967295,0,0
colizao,352,416,0028E215,0,1,1,4294967295,0,0
colizao,352,384,003870BC,0,1,1,4294967295,0,0
colizao,384,352,0024E500,0,1,1,4294967295,0,0
colizao,384,320,00099282,0,1,1,4294967295,0,0
colizao,384,288,00053DF3,0,1,1,4294967295,0,0
colizao,416,288,000C4107,0,1,1,4294967295,0,0
colizao,448,288,004028AD,0,1,1,4294967295,0,0
colizao,480,288,0030BBA8,0,1,1,4294967295,0,0
colizao,544,288,001F0DA8,0,1,1,4294967295,0,0
colizao,512,288,0022C67B,0,1,1,4294967295,0,0
colizao,576,288,0012A848,0,1,1,4294967295,0,0
colizao,608,288,00039C6E,0,1,1,4294967295,0,0
colizao,640,288,0035EB70,0,1,1,4294967295,0,0
colizao,672,320,0002A004,0,1,1,4294967295,0,0
colizao,704,352,00175865,0,1,1,4294967295,0,0
colizao,736,384,00083FA5,0,1,1,4294967295,0,0
colizao,768,416,003BDE56,0,1,1,4294967295,0,0
globo_terrestre_lyn_apto,192,352,0008A246,0,1,1,4294967295,0,0
globo_terrestre_lyn_apto,224,320,00362BBA,0,1,1,4294967295,0,0
globo_terrestre_lyn_apto,224,352,00387E13,0,1,1,4294967295,0,0
globo_terrestre_lyn_apto,160,352,003A5B15,0,1,1,4294967295,0,0
globo_terrestre_lyn_apto,160,320,001C0083,0,1,1,4294967295,0,0
globo_terrestre_lyn_apto,192,320,003CA089,0,1,1,4294967295,0,0
globo_terrestre_lyn_apto,160,288,00365BDB,0,1,1,4294967295,0,0
globo_terrestre_lyn_apto,192,288,0022BE17,0,1,1,4294967295,0,0
globo_terrestre_lyn_apto,224,288,003E5843,0,1,1,4294967295,0,0
boneco_eva_emblem,352,480,00171798,0,1,1,4294967295,0,0
boneco_eva_emblem,384,480,00064B34,0,1,1,4294967295,0,0
boneco_eva_emblem,384,512,003A029A,0,1,1,4294967295,0,0
boneco_eva_emblem,352,512,001F739D,0,1,1,4294967295,0,0
boneco_eva_emblem,384,544,00225614,0,1,1,4294967295,0,0
boneco_eva_emblem,352,544,0000DF7B,0,1,1,4294967295,0,0
boneco_eva_emblem,320,480,001C7850,0,1,1,4294967295,0,0
boneco_eva_emblem,320,512,0032896A,0,1,1,4294967295,0,0
boneco_eva_emblem,320,448,003AAFFA,0,1,1,4294967295,0,0
boneco_eva_emblem,416,512,003F3B9B,0,1,1,4294967295,0,0
boneco_eva_emblem,416,544,002CBBA2,0,1,1,4294967295,0,0
carrinho_de_briquedo_Lyn_apto,224,384,000B4503,0,1,1,4294967295,0,0
carrinho_de_briquedo_Lyn_apto,256,384,00029DD5,0,1,1,4294967295,0,0
carrinho_de_briquedo_Lyn_apto,256,416,0015E083,0,1,1,4294967295,0,0
carrinho_de_briquedo_Lyn_apto,288,416,0006EA29,0,1,1,4294967295,0,0
carrinho_de_briquedo_Lyn_apto,320,416,00246C51,0,1,1,4294967295,0,0
carrinho_de_briquedo_Lyn_apto,288,384,00277DE2,0,1,1,4294967295,0,0
carrinho_de_briquedo_Lyn_apto,288,448,0003880D,0,1,1,4294967295,0,0
carrinho_de_briquedo_Lyn_apto,256,448,002E0089,0,1,1,4294967295,0,0
carrinho_de_briquedo_Lyn_apto,224,416,00337D05,0,1,1,4294967295,0,0
carrinho_de_briquedo_Lyn_apto,192,416,00369020,0,1,1,4294967295,0,0
carrinho_de_briquedo_Lyn_apto,192,384,00004534,0,1,1,4294967295,0,0
colizao,800,448,002AD0F8,0,1,1,4294967295,0,0
colizao,800,480,000AF3F9,0,1,1,4294967295,0,0
colizao,800,512,0031301A,0,1,1,4294967295,0,0
colizao,800,544,0036A58F,0,1,1,4294967295,0,0
colizao,800,576,00337A80,0,1,1,4294967295,0,0
colizao,768,608,0012EEB5,0,1,1,4294967295,0,0
colizao,704,608,0010D19A,0,1,1,4294967295,0,0
colizao,736,608,00356E4B,0,1,1,4294967295,0,0
colizao,672,608,0033838A,0,1,1,4294967295,0,0
colizao,640,608,0031DEF3,0,1,1,4294967295,0,0
colizao,608,608,0004DCA4,0,1,1,4294967295,0,0
colizao,576,608,0000BFC5,0,1,1,4294967295,0,0
colizao,544,608,0027FFA3,0,1,1,4294967295,0,0
colizao,512,608,001394DC,0,1,1,4294967295,0,0
colizao,480,608,00401C15,0,1,1,4294967295,0,0
colizao,448,608,00327CAE,0,1,1,4294967295,0,0
trocar_room,768,224,000CC98B,0,1,1,4294967295,0,0
