ENGAGESITE_Link,0,256,0035709F,0,1,1,4294967295,0,0
ENGAGESITE_Link,0,288,000C57DF,0,1,1,4294967295,0,0
ENGAGESITE_Link,0,320,002CDB9F,0,1,1,4294967295,0,0
ENGAGESITE_Link,0,352,00183459,0,1,1,4294967295,0,0
ENGAGESITE_Link,0,384,003D3C1E,0,1,1,4294967295,0,0
ENGAGESITE_Link,0,416,000AEEAD,0,1,1,4294967295,0,0
ENGAGESITE_Link,384,416,00141DB6,0,1,1,4294967295,0,0
ENGAGESITE_Link,384,384,001A2DF4,0,1,1,4294967295,0,0
ENGAGESITE_Link,384,352,0022924E,0,1,1,4294967295,0,0
ENGAGESITE_Link,384,320,002216B7,0,1,1,4294967295,0,0
ENGAGESITE_Link,384,288,002AE33A,0,1,1,4294967295,0,0
ENGAGESITE_Link,384,256,0036D3BB,0,1,1,4294967295,0,0
ENGAGESITE_Link,0,448,002BF819,0,1,1,4294967295,0,0
ENGAGESITE_Link,384,448,002549B9,0,1,1,4294967295,0,0
Camera_Cursor,768,0,000A1E2B,0,1,1,4294967295,0,0
Sair_MIKUNET,725,1129,00301522,0,1,1,4294967295,0,0
