colizao,608,192,00031146,0,1,1,4294967295,0,0
colizao,576,192,0017D6C2,0,1,1,4294967295,0,0
colizao,544,192,0032DA3D,0,1,1,4294967295,0,0
colizao,512,192,001A3247,0,1,1,4294967295,0,0
colizao,480,192,0031FE5B,0,1,1,4294967295,0,0
colizao,448,192,0038909B,0,1,1,4294967295,0,0
colizao,416,192,003D207E,0,1,1,4294967295,0,0
colizao,416,224,003839FE,0,1,1,4294967295,0,0
colizao,416,256,001C1635,0,1,1,4294967295,0,0
colizao,384,256,002D9BAA,0,1,1,4294967295,0,0
colizao,352,256,00169733,0,1,1,4294967295,0,0
colizao,320,256,00043AE6,0,1,1,4294967295,0,0
colizao,288,256,003DAE95,0,1,1,4294967295,0,0
colizao,256,224,0011E96E,0,1,1,4294967295,0,0
colizao,288,224,00251D36,0,1,1,4294967295,0,0
colizao,224,224,00066B25,0,1,1,4294967295,0,0
colizao,224,256,002AD23C,0,1,1,4294967295,0,0
colizao,192,256,00246BDD,0,1,1,4294967295,0,0
colizao,160,256,000A2FEF,0,1,1,4294967295,0,0
colizao,160,224,0022E9AC,0,1,1,4294967295,0,0
colizao,160,192,002EB742,0,1,1,4294967295,0,0
colizao,128,192,0037B762,0,1,1,4294967295,0,0
colizao,96,192,0021E570,0,1,1,4294967295,0,0
colizao,64,192,0008C513,0,1,1,4294967295,0,0
colizao,32,192,001F26D9,0,1,1,4294967295,0,0
colizao,0,192,00362940,0,1,1,4294967295,0,0
player,352,384,001F3ECB,0,1,1,4294967295,0,0
Cavalo,512,256,00044110,0,1,1,4294967295,0,0
TP_MINEFOOD_INTERIOR,256,256,00201E7C,0,1,1,4294967295,0,0
TP_MINEFOOD_INTERIOR,256,288,000BB1CB,0,1,1,4294967295,0,0
TP_MINEFOOD_INTERIOR,224,288,002AD6C5,0,1,1,4294967295,0,0
TP_MINEFOOD_INTERIOR,288,288,000CF3BE,0,1,1,4294967295,0,0
TP_FERGUS,0,224,001B0E69,0,1,1,4294967295,0,0
TP_FERGUS,0,256,0019886F,0,1,1,4294967295,0,0
TP_FERGUS,0,288,002E173F,0,1,1,4294967295,0,0
TP_FERGUS,0,320,003E46FA,0,1,1,4294967295,0,0
TP_FERGUS,0,352,00030CAF,0,1,1,4294967295,0,0
TP_FERGUS,0,384,00247D80,0,1,1,4294967295,0,0
TP_FERGUS,0,416,000D08A5,0,1,1,4294967295,0,0
TP_FERGUS,0,448,00328B78,0,1,1,4294967295,0,0
