colizao,0,352,00077A27,0,1,1,4294967295,0,0
colizao,0,320,000354DE,0,1,1,4294967295,0,0
colizao,0,288,00046D45,0,1,1,4294967295,0,0
colizao,0,256,00250DE9,0,1,1,4294967295,0,0
colizao,32,160,000676E4,0,1,1,4294967295,0,0
colizao,64,160,001193D6,0,1,1,4294967295,0,0
colizao,96,160,001076C5,0,1,1,4294967295,0,0
colizao,160,160,00330D45,0,1,1,4294967295,0,0
colizao,128,160,0001A10B,0,1,1,4294967295,0,0
colizao,192,160,000E31C4,0,1,1,4294967295,0,0
colizao,256,192,0015185E,0,1,1,4294967295,0,0
colizao,224,192,001AF428,0,1,1,4294967295,0,0
colizao,704,320,001AF824,0,1,1,4294967295,0,0
colizao,704,352,001084C9,0,1,1,4294967295,0,0
colizao,704,384,001C75E3,0,1,1,4294967295,0,0
colizao,704,416,002D32E8,0,1,1,4294967295,0,0
colizao,672,448,0026C8A2,0,1,1,4294967295,0,0
colizao,640,448,000322EF,0,1,1,4294967295,0,0
colizao,608,448,0000F701,0,1,1,4294967295,0,0
colizao,576,448,00384642,0,1,1,4294967295,0,0
colizao,512,448,000FCA89,0,1,1,4294967295,0,0
colizao,544,448,0012C8D4,0,1,1,4294967295,0,0
colizao,480,448,00020413,0,1,1,4294967295,0,0
colizao,448,448,0009BA34,0,1,1,4294967295,0,0
colizao,416,448,0025B810,0,1,1,4294967295,0,0
colizao,384,448,003108EE,0,1,1,4294967295,0,0
colizao,320,448,003F997D,0,1,1,4294967295,0,0
colizao,256,448,0037CDE0,0,1,1,4294967295,0,0
colizao,352,448,0013F4BC,0,1,1,4294967295,0,0
colizao,288,448,00276BD8,0,1,1,4294967295,0,0
colizao,224,448,0004B428,0,1,1,4294967295,0,0
colizao,128,448,00335F8A,0,1,1,4294967295,0,0
colizao,192,448,00134145,0,1,1,4294967295,0,0
colizao,160,448,0005C665,0,1,1,4294967295,0,0
colizao,96,448,001B310A,0,1,1,4294967295,0,0
colizao,64,448,003C7DD4,0,1,1,4294967295,0,0
colizao,32,448,0030DC71,0,1,1,4294967295,0,0
colizao,0,416,0005C4E3,0,1,1,4294967295,0,0
colizao,0,384,00273195,0,1,1,4294967295,0,0
colizao,0,224,0014A68C,0,1,1,4294967295,0,0
colizao,0,192,001CCA9B,0,1,1,4294967295,0,0
player_RE3,128,352,000EDBBC,0,1,1,4294967295,0,0
TP_Fergus_corredor1_RE3,32,192,002B3387,0,1,1,4294967295,0,0
TP_Fergus_corredor1_RE3,64,192,00281538,0,1,1,4294967295,0,0
TP_Fergus_corredor1_RE3,96,192,003F19ED,0,1,1,4294967295,0,0
TP_Fergus_corredor1_RE3,128,192,0016FE56,0,1,1,4294967295,0,0
TP_Fergus_corredor1_RE3,160,192,001507A1,0,1,1,4294967295,0,0
TP_Fergus_corredor1_RE3,192,192,002B8B12,0,1,1,4294967295,0,0
colizao,288,224,001EB913,0,1,1,4294967295,0,0
colizao,320,224,0029C208,0,1,1,4294967295,0,0
colizao,352,256,000DB1B6,0,1,1,4294967295,0,0
colizao,384,256,0006F7B6,0,1,1,4294967295,0,0
colizao,416,288,003FBB97,0,1,1,4294967295,0,0
colizao,448,288,00310B65,0,1,1,4294967295,0,0
colizao,480,288,00118BDD,0,1,1,4294967295,0,0
colizao,544,288,002CCD8A,0,1,1,4294967295,0,0
colizao,512,288,001FD9FC,0,1,1,4294967295,0,0
colizao,576,288,002B056D,0,1,1,4294967295,0,0
colizao,608,288,00292CE0,0,1,1,4294967295,0,0
colizao,640,288,000F8CD2,0,1,1,4294967295,0,0
colizao,672,288,0018DAC2,0,1,1,4294967295,0,0
gatilho_Nami_gemido,352,288,000785F3,0,1,1,4294967295,0,0
gatilho_Nami_gemido,320,320,0028D73E,0,1,1,4294967295,0,0
gatilho_Nami_gemido,288,352,003EB1F7,0,1,1,4294967295,0,0
gatilho_Nami_gemido,256,384,00301DD6,0,1,1,4294967295,0,0
gatilho_Nami_gemido,224,416,00390A52,0,1,1,4294967295,0,0
