colizao,0,320,003BC8B5,0,1,1,4294967295,0,0
colizao,32,288,0021AA42,0,1,1,4294967295,0,0
colizao,64,256,001F5D56,0,1,1,4294967295,0,0
colizao,96,224,002C2917,0,1,1,4294967295,0,0
colizao,64,192,00347019,0,1,1,4294967295,0,0
colizao,224,128,00262CCF,0,1,1,4294967295,0,0
colizao,256,128,002FA11F,0,1,1,4294967295,0,0
colizao,288,96,003C1956,0,1,1,4294967295,0,0
colizao,320,64,001514A7,0,1,1,4294967295,0,0
colizao,352,64,0013D9D9,0,1,1,4294967295,0,0
colizao,384,64,0002F1FA,0,1,1,4294967295,0,0
colizao,416,96,003A7D78,0,1,1,4294967295,0,0
colizao,416,128,001D45D8,0,1,1,4294967295,0,0
colizao,416,160,000D1EBB,0,1,1,4294967295,0,0
colizao,416,192,0032A9AB,0,1,1,4294967295,0,0
colizao,416,224,00354AC9,0,1,1,4294967295,0,0
colizao,416,256,001EB8B2,0,1,1,4294967295,0,0
colizao,416,288,0019AB47,0,1,1,4294967295,0,0
colizao,416,288,003B0590,0,1,1,4294967295,0,0
colizao,416,352,003D61A6,0,1,1,4294967295,0,0
colizao,416,320,000101B2,0,1,1,4294967295,0,0
colizao,384,384,00121E28,0,1,1,4294967295,0,0
colizao,352,384,0023CF37,0,1,1,4294967295,0,0
colizao,320,384,00244E9D,0,1,1,4294967295,0,0
colizao,256,384,002439C9,0,1,1,4294967295,0,0
colizao,288,384,0027AF23,0,1,1,4294967295,0,0
colizao,224,384,002F610E,0,1,1,4294967295,0,0
colizao,192,384,0025E28E,0,1,1,4294967295,0,0
colizao,128,384,0017D64D,0,1,1,4294967295,0,0
colizao,160,384,0018AF2A,0,1,1,4294967295,0,0
colizao,96,384,0030D807,0,1,1,4294967295,0,0
colizao,64,384,0015F333,0,1,1,4294967295,0,0
TP_Fergus_Chemistry_room,96,192,0031C5F9,0,1,1,4294967295,0,0
TP_Fergus_Chemistry_room,128,160,0038619D,0,1,1,4294967295,0,0
TP_Fergus_Chemistry_room,160,160,003A54E6,0,1,1,4294967295,0,0
TP_Fergus_Chemistry_room,192,128,000088C2,0,1,1,4294967295,0,0
colizao,96,160,0016345C,0,1,1,4294967295,0,0
colizao,128,128,0038A52C,0,1,1,4294967295,0,0
colizao,160,128,001F7F57,0,1,1,4294967295,0,0
colizao,192,96,00353594,0,1,1,4294967295,0,0
colizao,224,96,001D901B,0,1,1,4294967295,0,0
TP_Fergus_corredor1,320,96,003D7A21,0,1,1,4294967295,0,0
TP_Fergus_corredor1,352,96,001DE0A9,0,1,1,4294967295,0,0
TP_Fergus_corredor1,384,96,0007CD0F,0,1,1,4294967295,0,0
player_RE2,320,192,0009A0EB,0,1,1,4294967295,0,0
TP_Fergus_Basquete,32,320,0008B89C,0,1,1,4294967295,0,0
TP_Fergus_Basquete,64,352,00072471,0,1,1,4294967295,0,0
TP_Fergus_Basquete,96,352,0026EA2A,0,1,1,4294967295,0,0
TP_Fergus_Basquete,128,352,00164EC0,0,1,1,4294967295,0,0
TP_Fergus_Basquete,160,352,00255155,0,1,1,4294967295,0,0
TP_Fergus_Basquete,192,352,001FCFE7,0,1,1,4294967295,0,0
TP_Fergus_Basquete,224,352,0029F044,0,1,1,4294967295,0,0
TP_Fergus_Basquete,256,352,00387162,0,1,1,4294967295,0,0
TP_Fergus_Basquete,288,352,003FB832,0,1,1,4294967295,0,0
TP_Fergus_Basquete,320,352,002D8351,0,1,1,4294967295,0,0
TP_Fergus_Basquete,352,352,001B4DDA,0,1,1,4294967295,0,0
TP_Fergus_Basquete,384,352,0034A0D5,0,1,1,4294967295,0,0
colizao,32,352,0034A53C,0,1,1,4294967295,0,0
