colizao,608,192,00314704,0,1,1,4294967295,0,0
colizao,576,192,002901A0,0,1,1,4294967295,0,0
colizao,544,192,0021B92B,0,1,1,4294967295,0,0
colizao,512,192,003FAB51,0,1,1,4294967295,0,0
colizao,480,192,00294651,0,1,1,4294967295,0,0
colizao,448,192,00243997,0,1,1,4294967295,0,0
colizao,416,192,0040226F,0,1,1,4294967295,0,0
colizao,416,224,0006A8C9,0,1,1,4294967295,0,0
colizao,416,256,0023DB00,0,1,1,4294967295,0,0
colizao,384,256,003D5AAE,0,1,1,4294967295,0,0
colizao,352,256,0014B872,0,1,1,4294967295,0,0
colizao,320,256,00075B42,0,1,1,4294967295,0,0
colizao,288,256,000F8488,0,1,1,4294967295,0,0
colizao,256,224,003E73A3,0,1,1,4294967295,0,0
colizao,288,224,002AA8EF,0,1,1,4294967295,0,0
colizao,224,224,0019FEF2,0,1,1,4294967295,0,0
colizao,224,256,000828D0,0,1,1,4294967295,0,0
colizao,192,256,000AF290,0,1,1,4294967295,0,0
colizao,160,256,001EA6FA,0,1,1,4294967295,0,0
colizao,160,224,0018DEEB,0,1,1,4294967295,0,0
colizao,160,192,002E319A,0,1,1,4294967295,0,0
colizao,128,192,000087F9,0,1,1,4294967295,0,0
colizao,96,192,001EEA42,0,1,1,4294967295,0,0
colizao,64,192,00243FD9,0,1,1,4294967295,0,0
colizao,32,192,003427EC,0,1,1,4294967295,0,0
colizao,0,192,0028C7A3,0,1,1,4294967295,0,0
player,352,384,0002CEE7,0,1,1,4294967295,0,0
Cavalo,512,256,002907AC,0,1,1,4294967295,0,0
TP_MINEFOOD_INTERIOR,256,256,003F99E3,0,1,1,4294967295,0,0
TP_MINEFOOD_INTERIOR,256,288,000484E0,0,1,1,4294967295,0,0
TP_MINEFOOD_INTERIOR,224,288,0021B821,0,1,1,4294967295,0,0
TP_MINEFOOD_INTERIOR,288,288,001ABD4B,0,1,1,4294967295,0,0
TP_FERGUS,0,224,0004D721,0,1,1,4294967295,0,0
TP_FERGUS,0,256,000922D2,0,1,1,4294967295,0,0
TP_FERGUS,0,288,0017F3D3,0,1,1,4294967295,0,0
TP_FERGUS,0,320,001F0813,0,1,1,4294967295,0,0
TP_FERGUS,0,352,001CF93F,0,1,1,4294967295,0,0
TP_FERGUS,0,384,0031B23F,0,1,1,4294967295,0,0
TP_FERGUS,0,416,0001ACCB,0,1,1,4294967295,0,0
TP_FERGUS,0,448,0039309C,0,1,1,4294967295,0,0
