player,1024,640,000D4450,0,1,1,4294967295,0,0
colizao,0,160,002BECCA,0,1,1,4294967295,0,0
colizao,32,192,0030A871,0,1,1,4294967295,0,0
colizao,64,224,0022EFCC,0,1,1,4294967295,0,0
colizao,96,224,002C3156,0,1,1,4294967295,0,0
colizao,128,224,0013FC0F,0,1,1,4294967295,0,0
colizao,160,256,001B9D51,0,1,1,4294967295,0,0
colizao,192,256,002D4D7E,0,1,1,4294967295,0,0
colizao,224,256,0006B855,0,1,1,4294967295,0,0
colizao,256,256,00235FB3,0,1,1,4294967295,0,0
colizao,288,256,0039E434,0,1,1,4294967295,0,0
colizao,288,288,003CB3F5,0,1,1,4294967295,0,0
colizao,320,320,00132B04,0,1,1,4294967295,0,0
colizao,352,288,00175E1A,0,1,1,4294967295,0,0
colizao,384,288,0021970D,0,1,1,4294967295,0,0
colizao,416,320,001F67F0,0,1,1,4294967295,0,0
colizao,416,352,001E1917,0,1,1,4294967295,0,0
colizao,416,384,0035FEBD,0,1,1,4294967295,0,0
colizao,448,416,003CC6FF,0,1,1,4294967295,0,0
colizao,480,416,0016A477,0,1,1,4294967295,0,0
colizao,512,416,0010C091,0,1,1,4294967295,0,0
colizao,544,416,0034AF60,0,1,1,4294967295,0,0
colizao,576,448,000AE556,0,1,1,4294967295,0,0
colizao,608,480,00128729,0,1,1,4294967295,0,0
colizao,640,512,003D45C0,0,1,1,4294967295,0,0
colizao,672,512,00009278,0,1,1,4294967295,0,0
colizao,672,544,0004097D,0,1,1,4294967295,0,0
colizao,672,576,000442EC,0,1,1,4294967295,0,0
colizao,704,608,001273B7,0,1,1,4294967295,0,0
colizao,736,608,0014DE7E,0,1,1,4294967295,0,0
colizao,768,608,0001252F,0,1,1,4294967295,0,0
colizao,800,608,001C4C40,0,1,1,4294967295,0,0
colizao,800,576,002F9068,0,1,1,4294967295,0,0
colizao,832,544,001CE6A2,0,1,1,4294967295,0,0
colizao,832,512,002AD9D7,0,1,1,4294967295,0,0
colizao,832,480,001A8C34,0,1,1,4294967295,0,0
colizao,832,448,0012997A,0,1,1,4294967295,0,0
colizao,832,416,0035A05E,0,1,1,4294967295,0,0
colizao,832,384,003538B2,0,1,1,4294967295,0,0
colizao,832,352,002A5CB6,0,1,1,4294967295,0,0
colizao,864,352,003DCC1F,0,1,1,4294967295,0,0
colizao,896,384,00287693,0,1,1,4294967295,0,0
colizao,928,384,0006E836,0,1,1,4294967295,0,0
colizao,960,416,000DB23C,0,1,1,4294967295,0,0
colizao,960,448,002DD221,0,1,1,4294967295,0,0
colizao,960,480,001242BC,0,1,1,4294967295,0,0
colizao,960,512,0034E919,0,1,1,4294967295,0,0
colizao,992,544,00327813,0,1,1,4294967295,0,0
colizao,1024,544,001C7B8C,0,1,1,4294967295,0,0
colizao,1056,576,0032E5F5,0,1,1,4294967295,0,0
colizao,1088,576,000B7033,0,1,1,4294967295,0,0
colizao,1120,608,0013F902,0,1,1,4294967295,0,0
colizao,1152,608,000BC076,0,1,1,4294967295,0,0
colizao,1216,576,0034DA4C,0,1,1,4294967295,0,0
colizao,1184,576,0036B8C4,0,1,1,4294967295,0,0
colizao,1248,608,00264A55,0,1,1,4294967295,0,0
colizao,1248,640,00309B27,0,1,1,4294967295,0,0
colizao,1280,672,000E1C97,0,1,1,4294967295,0,0
colizao,1312,704,001BB9E0,0,1,1,4294967295,0,0
colizao,1344,704,000AA23D,0,1,1,4294967295,0,0
colizao,1376,672,001DCD4D,0,1,1,4294967295,0,0
colizao,1408,672,0026D68E,0,1,1,4294967295,0,0
colizao,1440,640,001722AF,0,1,1,4294967295,0,0
colizao,1472,640,002B8A83,0,1,1,4294967295,0,0
colizao,1504,640,00256D46,0,1,1,4294967295,0,0
colizao,1536,672,0003F10A,0,1,1,4294967295,0,0
colizao,1568,672,00141285,0,1,1,4294967295,0,0
TP_FERGUS_INDUSTRIES,1184,608,00208BAB,0,1,1,4294967295,0,0
TP_FERGUS_INDUSTRIES,1216,608,002EECD4,0,1,1,4294967295,0,0
TP_FERGUS_INDUSTRIES,1216,640,0009A985,0,1,1,4294967295,0,0
TP_FERGUS_INDUSTRIES,1184,640,000BC23C,0,1,1,4294967295,0,0
TP_FERGUS_INDUSTRIES,1152,640,001746B0,0,1,1,4294967295,0,0
TP_FERGUS_INDUSTRIES,1248,672,00192975,0,1,1,4294967295,0,0
TP_FERGUS_INDUSTRIES,1216,672,002E4D6D,0,1,1,4294967295,0,0
Fergus_OBJ,928,608,00067042,0,1,1,4294967295,0,0
Hatsune_Miku_OBJ,384,480,000323AE,0,1,1,4294967295,0,0
Cavalo,128,288,0009B7D5,0,1,1,4294967295,0,0
TP_MINEFOOD_INTERIOR,256,288,001112A0,0,1,1,4294967295,0,0
TP_MINEFOOD_INTERIOR,224,288,0009071C,0,1,1,4294967295,0,0
TP_MINEFOOD_INTERIOR,256,320,002E9AE8,0,1,1,4294967295,0,0
TP_MINEFOOD_INTERIOR,288,320,001BCC5F,0,1,1,4294967295,0,0
TP_MIKUBYL,512,448,0033C43C,0,1,1,4294967295,0,0
TP_MIKUBYL,544,448,002AC08E,0,1,1,4294967295,0,0
TP_MIKUBYL,544,480,00119FEC,0,1,1,4294967295,0,0
TP_MIKUBYL,576,480,00329B58,0,1,1,4294967295,0,0
TP_MIKUBYL,480,448,002191EB,0,1,1,4294967295,0,0
TP_NEON_CASTELIA_CITY,0,192,001CFA8F,0,1,1,4294967295,0,0
TP_NEON_CASTELIA_CITY,0,224,002976C4,0,1,1,4294967295,0,0
TP_NEON_CASTELIA_CITY,0,288,000245D6,0,1,1,4294967295,0,0
TP_NEON_CASTELIA_CITY,0,256,00296C35,0,1,1,4294967295,0,0
TP_NEON_CASTELIA_CITY,0,320,00025236,0,1,1,4294967295,0,0
TP_NEON_CASTELIA_CITY,0,352,00116B89,0,1,1,4294967295,0,0
TP_NEON_CASTELIA_CITY,0,416,003351CE,0,1,1,4294967295,0,0
TP_NEON_CASTELIA_CITY,0,384,001392FB,0,1,1,4294967295,0,0
TP_NEON_CASTELIA_CITY,0,448,003D67CC,0,1,1,4294967295,0,0
TP_NEON_CASTELIA_CITY,0,480,003BA4FF,0,1,1,4294967295,0,0
TP_NEON_CASTELIA_CITY,0,512,000E944C,0,1,1,4294967295,0,0
TP_NEON_CASTELIA_CITY,0,544,00173669,0,1,1,4294967295,0,0
TP_NEON_CASTELIA_CITY,0,576,0032467C,0,1,1,4294967295,0,0
TP_NEON_CASTELIA_CITY,0,608,00291F07,0,1,1,4294967295,0,0
TP_NEON_CASTELIA_CITY,0,640,003E1694,0,1,1,4294967295,0,0
TP_NEON_CASTELIA_CITY,0,672,001AC026,0,1,1,4294967295,0,0
TP_NEON_CASTELIA_CITY,0,736,0009F6F7,0,1,1,4294967295,0,0
TP_NEON_CASTELIA_CITY,0,768,001F9A01,0,1,1,4294967295,0,0
TP_NEON_CASTELIA_CITY,0,704,002A4893,0,1,1,4294967295,0,0
Relationship_control,1536,0,0020FC0D,0,1,1,4294967295,0,0
Nami,448,736,000D3210,0,1,1,4294967295,0,0
Nami,128,544,001D86D8,0,1,1,4294967295,0,0
Nami,256,416,0021DB4D,0,1,1,4294967295,0,0
obj_Nami_work,1088,608,001017A3,0,1,1,4294967295,0,0
obj_Nami_work,416,416,0003E8CF,0,1,1,4294967295,0,0
obj_Nami_work,160,704,00278469,0,1,1,4294967295,0,0
obj_Nami_work,64,192,00363EC8,0,1,1,4294967295,0,0
obj_Nami_work,704,576,0012DD7F,0,1,1,4294967295,0,0
obj_social_hub,64,544,00164A5E,0,1,1,4294967295,0,0
obj_social_hub,64,256,00145C87,0,1,1,4294967295,0,0
level_control,1568,0,00148970,0,1,1,4294967295,0,0
inventory_controller,1568,32,0036F801,0,1,1,4294967295,0,0
