colizao,336,48,001EFC7B,0,1,1,4294967295,0,0
colizao,352,64,000C0AC4,0,1,1,4294967295,0,0
colizao,368,80,00393B38,0,1,1,4294967295,0,0
colizao,384,96,002D18E8,0,1,1,4294967295,0,0
colizao,400,112,0023B33A,0,1,1,4294967295,0,0
colizao,432,112,00298542,0,1,1,4294967295,0,0
colizao,448,128,002802F5,0,1,1,4294967295,0,0
colizao,464,144,001D4442,0,1,1,4294967295,0,0
colizao,496,144,0011CFCD,0,1,1,4294967295,0,0
colizao,512,160,001D57B7,0,1,1,4294967295,0,0
colizao,528,176,0037C7D8,0,1,1,4294967295,0,0
colizao,544,192,0023DBAB,0,1,1,4294967295,0,0
colizao,576,192,002F3EAA,0,1,1,4294967295,0,0
colizao,608,192,00133749,0,1,1,4294967295,0,0
colizao,608,224,003F0DA2,0,1,1,4294967295,0,0
colizao,640,224,0013B2D2,0,1,1,4294967295,0,0
colizao,640,256,0032882D,0,1,1,4294967295,0,0
colizao,672,256,00040B85,0,1,1,4294967295,0,0
colizao,704,288,000BA5AC,0,1,1,4294967295,0,0
colizao,736,288,0019F6B6,0,1,1,4294967295,0,0
colizao,768,288,002EA297,0,1,1,4294967295,0,0
colizao,768,320,003876F3,0,1,1,4294967295,0,0
colizao,800,320,00093BAF,0,1,1,4294967295,0,0
colizao,832,352,00067FD3,0,1,1,4294967295,0,0
colizao,864,352,003C2C47,0,1,1,4294967295,0,0
colizao,896,352,00037333,0,1,1,4294967295,0,0
colizao,896,384,00081B6B,0,1,1,4294967295,0,0
colizao,928,384,00014B81,0,1,1,4294967295,0,0
colizao,928,416,003C92E0,0,1,1,4294967295,0,0
colizao,960,416,0001E9EC,0,1,1,4294967295,0,0
colizao,992,416,000B89C6,0,1,1,4294967295,0,0
colizao,992,448,00193CA9,0,1,1,4294967295,0,0
colizao,1024,448,00229F31,0,1,1,4294967295,0,0
colizao,1024,480,002DB5F9,0,1,1,4294967295,0,0
colizao,1056,480,000F4698,0,1,1,4294967295,0,0
colizao,1088,480,002CD0CB,0,1,1,4294967295,0,0
colizao,1088,512,003AD0E4,0,1,1,4294967295,0,0
colizao,1120,512,003238C3,0,1,1,4294967295,0,0
colizao,1152,512,0008A0D6,0,1,1,4294967295,0,0
colizao,1184,512,003BDA22,0,1,1,4294967295,0,0
colizao,1184,544,003D2FE1,0,1,1,4294967295,0,0
colizao,1216,544,003783D1,0,1,1,4294967295,0,0
colizao,1248,544,00363284,0,1,1,4294967295,0,0
colizao,1248,576,004042E5,0,1,1,4294967295,0,0
colizao,1280,576,0006C627,0,1,1,4294967295,0,0
colizao,1312,576,0028E0F0,0,1,1,4294967295,0,0
colizao,1312,608,001F75BB,0,1,1,4294967295,0,0
colizao,1344,608,003D9D9F,0,1,1,4294967295,0,0
colizao,1376,608,0023B4C6,0,1,1,4294967295,0,0
colizao,1696,800,00109F96,0,1,1,4294967295,0,0
colizao,1728,800,003B9F41,0,1,1,4294967295,0,0
colizao,1728,832,0005F229,0,1,1,4294967295,0,0
colizao,1760,832,0022A0EF,0,1,1,4294967295,0,0
colizao,1408,608,002EA50E,0,1,1,4294967295,0,0
colizao,1408,640,003C0983,0,1,1,4294967295,0,0
colizao,1440,640,00043E86,0,1,1,4294967295,0,0
colizao,1440,672,000266C8,0,1,1,4294967295,0,0
colizao,1472,672,004025F0,0,1,1,4294967295,0,0
colizao,1504,704,0013FDC5,0,1,1,4294967295,0,0
colizao,1536,704,0028720A,0,1,1,4294967295,0,0
colizao,1536,736,000FDE3E,0,1,1,4294967295,0,0
colizao,1568,736,0001CE4D,0,1,1,4294967295,0,0
colizao,1600,736,001CCF69,0,1,1,4294967295,0,0
colizao,1632,768,002773C3,0,1,1,4294967295,0,0
colizao,1664,768,001FB911,0,1,1,4294967295,0,0
colizao,1664,800,00025383,0,1,1,4294967295,0,0
colizao,1696,800,0008F308,0,1,1,4294967295,0,0
colizao,1728,800,000D143E,0,1,1,4294967295,0,0
colizao,1728,832,0021B1F7,0,1,1,4294967295,0,0
colizao,1760,832,002986E2,0,1,1,4294967295,0,0
colizao,1792,832,002D005B,0,1,1,4294967295,0,0
colizao,1824,864,002DDCB0,0,1,1,4294967295,0,0
colizao,1856,864,0015DBAE,0,1,1,4294967295,0,0
colizao,1888,896,002FA1B4,0,1,1,4294967295,0,0
colizao,1920,896,002C1A85,0,1,1,4294967295,0,0
colizao,1920,928,00174EEA,0,1,1,4294967295,0,0
colizao,1952,928,00400552,0,1,1,4294967295,0,0
colizao,1984,928,0009950A,0,1,1,4294967295,0,0
colizao,2016,928,00307FA6,0,1,1,4294967295,0,0
colizao,2016,960,0031B649,0,1,1,4294967295,0,0
colizao,2048,960,00026E40,0,1,1,4294967295,0,0
colizao,2080,960,00212F5D,0,1,1,4294967295,0,0
colizao,2080,992,001E26CC,0,1,1,4294967295,0,0
colizao,2112,992,000BD01E,0,1,1,4294967295,0,0
colizao,2144,992,0020160A,0,1,1,4294967295,0,0
colizao,2176,992,003EDD38,0,1,1,4294967295,0,0
colizao,2208,992,00061394,0,1,1,4294967295,0,0
colizao,2240,992,0026EBCC,0,1,1,4294967295,0,0
colizao,2240,1024,0028771E,0,1,1,4294967295,0,0
colizao,2208,1024,001F5729,0,1,1,4294967295,0,0
colizao,2208,1056,002B7EE9,0,1,1,4294967295,0,0
colizao,2176,1056,001A8686,0,1,1,4294967295,0,0
colizao,2144,1056,0031DF18,0,1,1,4294967295,0,0
colizao,2112,1056,003A96A4,0,1,1,4294967295,0,0
colizao,2112,1088,003D6CBD,0,1,1,4294967295,0,0
colizao,2080,1088,000626C3,0,1,1,4294967295,0,0
colizao,2048,1088,0005BDA8,0,1,1,4294967295,0,0
colizao,2016,1088,0010170D,0,1,1,4294967295,0,0
colizao,2016,1120,003A6D08,0,1,1,4294967295,0,0
colizao,1984,1120,000A94F1,0,1,1,4294967295,0,0
colizao,1952,1120,003EEEDD,0,1,1,4294967295,0,0
colizao,1920,1120,00264717,0,1,1,4294967295,0,0
colizao,1888,1120,003E76DE,0,1,1,4294967295,0,0
colizao,1888,1152,001C0759,0,1,1,4294967295,0,0
colizao,1856,1152,001F2BAE,0,1,1,4294967295,0,0
colizao,1824,1152,002BB9CA,0,1,1,4294967295,0,0
colizao,1824,1184,000EC9EB,0,1,1,4294967295,0,0
colizao,1792,1184,000C1C42,0,1,1,4294967295,0,0
colizao,1760,1184,003FB500,0,1,1,4294967295,0,0
colizao,1728,1184,0008AE8F,0,1,1,4294967295,0,0
colizao,1696,1216,0008ABB9,0,1,1,4294967295,0,0
colizao,1664,1216,003B1E9C,0,1,1,4294967295,0,0
colizao,1632,1216,003D35D8,0,1,1,4294967295,0,0
colizao,1632,1248,0033D6BD,0,1,1,4294967295,0,0
colizao,1600,1248,00224E2A,0,1,1,4294967295,0,0
colizao,1568,1248,002C7F9F,0,1,1,4294967295,0,0
colizao,1568,1280,0023A426,0,1,1,4294967295,0,0
colizao,1536,1280,00301DDC,0,1,1,4294967295,0,0
colizao,1504,1280,00043EDC,0,1,1,4294967295,0,0
colizao,1472,1280,00132FC8,0,1,1,4294967295,0,0
colizao,1472,1312,001F036B,0,1,1,4294967295,0,0
colizao,1440,1312,00300455,0,1,1,4294967295,0,0
colizao,1408,1312,000E2CF7,0,1,1,4294967295,0,0
colizao,1376,1312,002F189E,0,1,1,4294967295,0,0
colizao,1376,1344,000DD589,0,1,1,4294967295,0,0
colizao,1344,1344,001F238F,0,1,1,4294967295,0,0
colizao,1312,1344,002688BD,0,1,1,4294967295,0,0
colizao,1280,1344,002D294B,0,1,1,4294967295,0,0
colizao,1248,1344,002188AB,0,1,1,4294967295,0,0
colizao,1248,1376,002D703D,0,1,1,4294967295,0,0
colizao,1216,1376,000C218D,0,1,1,4294967295,0,0
colizao,1184,1376,000AA320,0,1,1,4294967295,0,0
colizao,1152,1376,00050FD1,0,1,1,4294967295,0,0
colizao,1120,1408,00000A4B,0,1,1,4294967295,0,0
colizao,1088,1408,002BA700,0,1,1,4294967295,0,0
colizao,1088,1440,0007E9DA,0,1,1,4294967295,0,0
colizao,1056,1440,00189DF0,0,1,1,4294967295,0,0
colizao,1024,1440,00027C01,0,1,1,4294967295,0,0
colizao,1024,1472,0008C621,0,1,1,4294967295,0,0
colizao,992,1472,000A422A,0,1,1,4294967295,0,0
colizao,960,1472,00184FCD,0,1,1,4294967295,0,0
colizao,928,1472,001A1E0B,0,1,1,4294967295,0,0
colizao,896,1472,00247ACE,0,1,1,4294967295,0,0
colizao,896,1504,001D612B,0,1,1,4294967295,0,0
colizao,864,1504,001E46D6,0,1,1,4294967295,0,0
colizao,832,1504,00177CF6,0,1,1,4294967295,0,0
colizao,832,1536,000B67B0,0,1,1,4294967295,0,0
colizao,800,1536,00118E45,0,1,1,4294967295,0,0
colizao,768,1536,0036FC11,0,1,1,4294967295,0,0
colizao,736,1536,000AAE37,0,1,1,4294967295,0,0
colizao,704,1536,00179EDE,0,1,1,4294967295,0,0
colizao,704,1536,00075DFC,0,1,1,4294967295,0,0
colizao,704,1568,00148583,0,1,1,4294967295,0,0
colizao,672,1568,00314310,0,1,1,4294967295,0,0
colizao,640,1568,003160CF,0,1,1,4294967295,0,0
colizao,608,1568,0005EAFC,0,1,1,4294967295,0,0
colizao,576,1568,003D52D5,0,1,1,4294967295,0,0
colizao,576,1600,000451B2,0,1,1,4294967295,0,0
colizao,544,1600,0037033A,0,1,1,4294967295,0,0
colizao,512,1600,000C2868,0,1,1,4294967295,0,0
colizao,480,1600,001C3F3D,0,1,1,4294967295,0,0
colizao,448,1600,00019A12,0,1,1,4294967295,0,0
colizao,416,1600,003CFB83,0,1,1,4294967295,0,0
colizao,384,1600,001BBCF6,0,1,1,4294967295,0,0
colizao,352,1600,0035120E,0,1,1,4294967295,0,0
colizao,320,1600,000FF1E5,0,1,1,4294967295,0,0
colizao,288,1600,002880AD,0,1,1,4294967295,0,0
colizao,256,1600,000C2FF3,0,1,1,4294967295,0,0
colizao,256,1632,003F3C87,0,1,1,4294967295,0,0
colizao,224,1632,003C5E89,0,1,1,4294967295,0,0
colizao,192,1632,00398841,0,1,1,4294967295,0,0
colizao,192,1664,000661F4,0,1,1,4294967295,0,0
colizao,160,1664,000982BA,0,1,1,4294967295,0,0
colizao,128,1664,0012B151,0,1,1,4294967295,0,0
colizao,128,1696,00247871,0,1,1,4294967295,0,0
colizao,128,1728,00159010,0,1,1,4294967295,0,0
colizao,128,1760,000E1BC0,0,1,1,4294967295,0,0
colizao,96,1760,002CABB0,0,1,1,4294967295,0,0
colizao,96,1792,00326C99,0,1,1,4294967295,0,0
colizao,96,1824,000E46F2,0,1,1,4294967295,0,0
colizao,128,1824,0030957A,0,1,1,4294967295,0,0
colizao,128,1856,00181E53,0,1,1,4294967295,0,0
colizao,128,1888,00264CB8,0,1,1,4294967295,0,0
colizao,160,1888,001A9E3A,0,1,1,4294967295,0,0
colizao,160,1920,003473DE,0,1,1,4294967295,0,0
colizao,192,1920,00135FD7,0,1,1,4294967295,0,0
colizao,192,1952,003E8FEC,0,1,1,4294967295,0,0
colizao,224,1952,0008A171,0,1,1,4294967295,0,0
colizao,224,1984,00056C87,0,1,1,4294967295,0,0
colizao,256,1984,001FDAF8,0,1,1,4294967295,0,0
colizao,256,2016,00320E63,0,1,1,4294967295,0,0
colizao,288,2016,000CE80D,0,1,1,4294967295,0,0
colizao,288,2048,003CB65E,0,1,1,4294967295,0,0
colizao,320,2048,0005B9A7,0,1,1,4294967295,0,0
colizao,320,2080,001F4F39,0,1,1,4294967295,0,0
colizao,352,2080,003546D9,0,1,1,4294967295,0,0
colizao,384,2080,001B533E,0,1,1,4294967295,0,0
colizao,384,2112,002F910A,0,1,1,4294967295,0,0
colizao,448,2080,002DB1BC,0,1,1,4294967295,0,0
colizao,480,2112,001C59B2,0,1,1,4294967295,0,0
colizao,512,2112,000C3719,0,1,1,4294967295,0,0
colizao,512,2144,00116054,0,1,1,4294967295,0,0
colizao,544,2144,0034EDB2,0,1,1,4294967295,0,0
colizao,544,2176,003E6EB7,0,1,1,4294967295,0,0
colizao,576,2176,003FE585,0,1,1,4294967295,0,0
colizao,608,2176,0028A2DC,0,1,1,4294967295,0,0
colizao,608,2208,000EA150,0,1,1,4294967295,0,0
colizao,640,2208,00196DE1,0,1,1,4294967295,0,0
colizao,640,2240,0011C036,0,1,1,4294967295,0,0
colizao,672,2240,00242890,0,1,1,4294967295,0,0
colizao,704,2240,00044EE3,0,1,1,4294967295,0,0
colizao,704,2272,001E9319,0,1,1,4294967295,0,0
colizao,736,2272,00343E4F,0,1,1,4294967295,0,0
colizao,768,2272,00226FF8,0,1,1,4294967295,0,0
colizao,800,2304,001B6720,0,1,1,4294967295,0,0
colizao,832,2304,003CECA7,0,1,1,4294967295,0,0
colizao,832,2336,0026B23A,0,1,1,4294967295,0,0
colizao,864,2336,003825B9,0,1,1,4294967295,0,0
colizao,896,2336,00146B2A,0,1,1,4294967295,0,0
colizao,896,2368,00295A82,0,1,1,4294967295,0,0
colizao,2144,3072,0019D103,0,1,1,4294967295,0,0
colizao,2176,3072,0007C732,0,1,1,4294967295,0,0
colizao,2176,3104,000005DA,0,1,1,4294967295,0,0
colizao,2208,3104,001194F7,0,1,1,4294967295,0,0
colizao,2240,3104,00260C78,0,1,1,4294967295,0,0
colizao,2272,3104,00033013,0,1,1,4294967295,0,0
colizao,2272,3136,001BA748,0,1,1,4294967295,0,0
colizao,2304,3136,00378B6C,0,1,1,4294967295,0,0
colizao,896,2336,00125E5C,0,1,1,4294967295,0,0
colizao,896,2368,00397BFF,0,1,1,4294967295,0,0
colizao,928,2368,0038ED9C,0,1,1,4294967295,0,0
colizao,960,2368,0004BB77,0,1,1,4294967295,0,0
colizao,960,2400,00372062,0,1,1,4294967295,0,0
colizao,992,2400,002C1DA7,0,1,1,4294967295,0,0
colizao,1024,2400,000456E9,0,1,1,4294967295,0,0
colizao,1056,2432,00388E8E,0,1,1,4294967295,0,0
colizao,1184,2496,00142390,0,1,1,4294967295,0,0
colizao,1216,2528,0032C2BD,0,1,1,4294967295,0,0
colizao,1248,2528,000E1B88,0,1,1,4294967295,0,0
colizao,1280,2528,0017B55B,0,1,1,4294967295,0,0
colizao,1280,2560,000B18A4,0,1,1,4294967295,0,0
colizao,1312,2560,000013F5,0,1,1,4294967295,0,0
colizao,1312,2592,000436D4,0,1,1,4294967295,0,0
colizao,1344,2592,00274266,0,1,1,4294967295,0,0
colizao,1344,2624,00328B5F,0,1,1,4294967295,0,0
colizao,1376,2624,0034EDBE,0,1,1,4294967295,0,0
colizao,1088,2432,00275A16,0,1,1,4294967295,0,0
colizao,1120,2464,003719B7,0,1,1,4294967295,0,0
colizao,1152,2464,0010B056,0,1,1,4294967295,0,0
colizao,1408,2624,003177EA,0,1,1,4294967295,0,0
colizao,1440,2624,0007266F,0,1,1,4294967295,0,0
colizao,1440,2656,0022F719,0,1,1,4294967295,0,0
colizao,1472,2656,0019FAA3,0,1,1,4294967295,0,0
colizao,1504,2656,00341A38,0,1,1,4294967295,0,0
colizao,1504,2688,002EFE14,0,1,1,4294967295,0,0
colizao,1536,2688,00359BBC,0,1,1,4294967295,0,0
colizao,1536,2720,00190FD0,0,1,1,4294967295,0,0
colizao,1568,2720,0014B926,0,1,1,4294967295,0,0
colizao,1568,2752,002F166B,0,1,1,4294967295,0,0
colizao,1600,2752,002C0340,0,1,1,4294967295,0,0
colizao,1600,2784,00013D90,0,1,1,4294967295,0,0
colizao,1632,2784,00094826,0,1,1,4294967295,0,0
colizao,1664,2816,000CA5A7,0,1,1,4294967295,0,0
colizao,1696,2816,002B5503,0,1,1,4294967295,0,0
colizao,1696,2848,0033214E,0,1,1,4294967295,0,0
colizao,1728,2848,0027033C,0,1,1,4294967295,0,0
colizao,1760,2848,0026A769,0,1,1,4294967295,0,0
colizao,1792,2880,00048109,0,1,1,4294967295,0,0
colizao,1824,2880,000D3965,0,1,1,4294967295,0,0
colizao,1856,2880,002905FB,0,1,1,4294967295,0,0
colizao,1856,2912,0032EEFC,0,1,1,4294967295,0,0
colizao,1888,2912,00386114,0,1,1,4294967295,0,0
colizao,1888,2944,003971A3,0,1,1,4294967295,0,0
colizao,1920,2944,0013E8FA,0,1,1,4294967295,0,0
colizao,1952,2944,00098D29,0,1,1,4294967295,0,0
colizao,1952,2976,00365274,0,1,1,4294967295,0,0
colizao,1984,2976,00292006,0,1,1,4294967295,0,0
colizao,2016,2976,001B9BAC,0,1,1,4294967295,0,0
colizao,2016,3008,003F4F85,0,1,1,4294967295,0,0
colizao,2048,3008,002B598E,0,1,1,4294967295,0,0
colizao,2080,3008,0014DA96,0,1,1,4294967295,0,0
colizao,2112,3040,0002B82E,0,1,1,4294967295,0,0
colizao,2144,3040,001FA1A2,0,1,1,4294967295,0,0
colizao,2176,3040,0039F194,0,1,1,4294967295,0,0
colizao,2208,3040,0012DDDA,0,1,1,4294967295,0,0
colizao,2208,3072,003CDE1B,0,1,1,4294967295,0,0
colizao,2240,3072,0030CE85,0,1,1,4294967295,0,0
colizao,2272,3072,000CD1BA,0,1,1,4294967295,0,0
colizao,2272,3104,00336779,0,1,1,4294967295,0,0
colizao,2336,3136,0025DC0B,0,1,1,4294967295,0,0
colizao,2368,3136,002B7F34,0,1,1,4294967295,0,0
colizao,2400,3136,00050D20,0,1,1,4294967295,0,0
colizao,2432,3136,001C5145,0,1,1,4294967295,0,0
colizao,2464,3136,003C6311,0,1,1,4294967295,0,0
colizao,2496,3136,003127DF,0,1,1,4294967295,0,0
colizao,2528,3136,000E2359,0,1,1,4294967295,0,0
colizao,2560,3136,00313680,0,1,1,4294967295,0,0
colizao,2592,3136,000DFC5C,0,1,1,4294967295,0,0
colizao,2592,3104,000E97A3,0,1,1,4294967295,0,0
colizao,2624,3104,003B9F2E,0,1,1,4294967295,0,0
colizao,2624,3072,001E7EE8,0,1,1,4294967295,0,0
colizao,2624,3040,00248695,0,1,1,4294967295,0,0
colizao,2624,3008,0031BD9D,0,1,1,4294967295,0,0
colizao,2624,2976,001BD46A,0,1,1,4294967295,0,0
colizao,2624,2944,00386135,0,1,1,4294967295,0,0
colizao,2624,2912,00035EB2,0,1,1,4294967295,0,0
colizao,2624,2880,0000D220,0,1,1,4294967295,0,0
colizao,2624,2848,00025F6B,0,1,1,4294967295,0,0
colizao,2592,2848,0022AE33,0,1,1,4294967295,0,0
colizao,2560,2848,00240E47,0,1,1,4294967295,0,0
colizao,2528,2848,001D2F41,0,1,1,4294967295,0,0
colizao,2496,2848,0014B4A3,0,1,1,4294967295,0,0
colizao,2432,2848,00125252,0,1,1,4294967295,0,0
colizao,2400,2848,0020C6DF,0,1,1,4294967295,0,0
colizao,2368,2848,001B68A5,0,1,1,4294967295,0,0
colizao,2336,2848,003B3F07,0,1,1,4294967295,0,0
colizao,2368,2848,003EA182,0,1,1,4294967295,0,0
colizao,2400,2848,001B898F,0,1,1,4294967295,0,0
colizao,2432,2848,001D0777,0,1,1,4294967295,0,0
colizao,2464,2848,00252338,0,1,1,4294967295,0,0
colizao,2304,2848,002F4BA0,0,1,1,4294967295,0,0
colizao,2272,2848,003332F8,0,1,1,4294967295,0,0
colizao,2240,2848,0038236B,0,1,1,4294967295,0,0
colizao,2208,2848,001E7D76,0,1,1,4294967295,0,0
colizao,2144,2784,00247914,0,1,1,4294967295,0,0
colizao,2112,2784,002FD502,0,1,1,4294967295,0,0
colizao,2112,2752,0032A922,0,1,1,4294967295,0,0
colizao,2080,2752,00051689,0,1,1,4294967295,0,0
colizao,2080,2720,001F118C,0,1,1,4294967295,0,0
colizao,2048,2720,001E2B36,0,1,1,4294967295,0,0
colizao,2016,2720,0024F275,0,1,1,4294967295,0,0
colizao,2016,2688,003EE5A6,0,1,1,4294967295,0,0
colizao,1984,2688,002836B2,0,1,1,4294967295,0,0
colizao,1984,2656,001F3BD0,0,1,1,4294967295,0,0
colizao,1952,2656,00249A81,0,1,1,4294967295,0,0
colizao,1920,2656,001C41F6,0,1,1,4294967295,0,0
colizao,1920,2624,0000E58B,0,1,1,4294967295,0,0
colizao,1888,2624,0003CE9D,0,1,1,4294967295,0,0
colizao,1856,2624,002BE533,0,1,1,4294967295,0,0
colizao,1856,2592,002C0A6C,0,1,1,4294967295,0,0
colizao,1824,2592,0036F662,0,1,1,4294967295,0,0
colizao,1824,2560,001C4BD2,0,1,1,4294967295,0,0
colizao,1792,2560,00007618,0,1,1,4294967295,0,0
colizao,1792,2528,00074F6D,0,1,1,4294967295,0,0
colizao,1760,2528,00257D36,0,1,1,4294967295,0,0
colizao,1728,2528,00309C77,0,1,1,4294967295,0,0
colizao,1728,2496,002D8A6B,0,1,1,4294967295,0,0
colizao,1696,2496,003D2649,0,1,1,4294967295,0,0
colizao,2144,2784,0003801E,0,1,1,4294967295,0,0
colizao,2176,2784,002AFFF1,0,1,1,4294967295,0,0
colizao,2176,2816,003062A1,0,1,1,4294967295,0,0
colizao,2208,2816,000455E6,0,1,1,4294967295,0,0
colizao,1664,2496,00245C9F,0,1,1,4294967295,0,0
colizao,1632,2464,000A237E,0,1,1,4294967295,0,0
colizao,1600,2464,0010CCFF,0,1,1,4294967295,0,0
colizao,1600,2432,003C7F89,0,1,1,4294967295,0,0
colizao,1568,2432,0027EAD6,0,1,1,4294967295,0,0
colizao,1536,2432,00027E67,0,1,1,4294967295,0,0
colizao,1504,2432,0022F345,0,1,1,4294967295,0,0
colizao,1504,2400,0000AB48,0,1,1,4294967295,0,0
colizao,1472,2400,0027A85E,0,1,1,4294967295,0,0
colizao,1472,2368,000511C9,0,1,1,4294967295,0,0
colizao,1440,2368,00069F5A,0,1,1,4294967295,0,0
colizao,1408,2368,0039323F,0,1,1,4294967295,0,0
colizao,1408,2336,0037D5C6,0,1,1,4294967295,0,0
colizao,1376,2336,003441E8,0,1,1,4294967295,0,0
colizao,1344,2336,000A7A7C,0,1,1,4294967295,0,0
colizao,1344,2304,000C4516,0,1,1,4294967295,0,0
colizao,1312,2304,0029ACAF,0,1,1,4294967295,0,0
colizao,1280,2304,001B5D96,0,1,1,4294967295,0,0
colizao,1248,2272,0020E64C,0,1,1,4294967295,0,0
colizao,1216,2272,003BBC1B,0,1,1,4294967295,0,0
colizao,1216,2240,000A3840,0,1,1,4294967295,0,0
colizao,1184,2240,0013A361,0,1,1,4294967295,0,0
colizao,1152,2240,002DA670,0,1,1,4294967295,0,0
colizao,1120,2208,00306A63,0,1,1,4294967295,0,0
colizao,1088,2208,002775DF,0,1,1,4294967295,0,0
colizao,1088,2176,00086855,0,1,1,4294967295,0,0
colizao,1056,2176,003DC1E3,0,1,1,4294967295,0,0
colizao,1056,2144,001EB098,0,1,1,4294967295,0,0
colizao,1024,2144,00364D07,0,1,1,4294967295,0,0
colizao,1024,2112,00267286,0,1,1,4294967295,0,0
colizao,992,2112,000BEC1E,0,1,1,4294967295,0,0
colizao,960,2112,002A465D,0,1,1,4294967295,0,0
colizao,928,2112,0007139A,0,1,1,4294967295,0,0
colizao,928,2080,0009B598,0,1,1,4294967295,0,0
colizao,896,2080,0006ECC1,0,1,1,4294967295,0,0
colizao,864,2080,000C24DC,0,1,1,4294967295,0,0
colizao,864,2048,0001A344,0,1,1,4294967295,0,0
colizao,832,2048,0014887E,0,1,1,4294967295,0,0
colizao,800,2048,0018D5BA,0,1,1,4294967295,0,0
colizao,800,2016,000A7A48,0,1,1,4294967295,0,0
colizao,768,2016,0032A5D0,0,1,1,4294967295,0,0
colizao,736,2016,0021F85A,0,1,1,4294967295,0,0
colizao,736,1984,0006508E,0,1,1,4294967295,0,0
colizao,704,1984,001E252D,0,1,1,4294967295,0,0
colizao,672,1984,0007742C,0,1,1,4294967295,0,0
colizao,640,1984,001F4AB0,0,1,1,4294967295,0,0
colizao,640,1952,00077BD7,0,1,1,4294967295,0,0
colizao,608,1952,003800B5,0,1,1,4294967295,0,0
colizao,576,1920,00251EB9,0,1,1,4294967295,0,0
colizao,544,1920,0020FBD0,0,1,1,4294967295,0,0
colizao,544,1888,000B9C3E,0,1,1,4294967295,0,0
colizao,512,1888,002352B3,0,1,1,4294967295,0,0
colizao,480,1888,000E991B,0,1,1,4294967295,0,0
colizao,480,1856,001A6525,0,1,1,4294967295,0,0
colizao,512,1856,002D713B,0,1,1,4294967295,0,0
colizao,544,1856,00158AED,0,1,1,4294967295,0,0
colizao,576,1824,002E9B43,0,1,1,4294967295,0,0
colizao,576,1856,00302017,0,1,1,4294967295,0,0
colizao,608,1856,0028BDA8,0,1,1,4294967295,0,0
colizao,608,1824,000838F4,0,1,1,4294967295,0,0
colizao,640,1824,0017182F,0,1,1,4294967295,0,0
colizao,672,1824,002A7F36,0,1,1,4294967295,0,0
colizao,704,1824,0036B08C,0,1,1,4294967295,0,0
colizao,704,1792,000EAA9E,0,1,1,4294967295,0,0
colizao,736,1792,002951E2,0,1,1,4294967295,0,0
colizao,768,1792,002174EC,0,1,1,4294967295,0,0
colizao,768,1760,00007BAD,0,1,1,4294967295,0,0
colizao,800,1760,002483EE,0,1,1,4294967295,0,0
colizao,832,1760,001A3D06,0,1,1,4294967295,0,0
colizao,832,1728,00064694,0,1,1,4294967295,0,0
colizao,864,1728,0030258A,0,1,1,4294967295,0,0
colizao,896,1728,0004F08F,0,1,1,4294967295,0,0
colizao,928,1728,0024B165,0,1,1,4294967295,0,0
colizao,928,1696,00043F4D,0,1,1,4294967295,0,0
colizao,960,1696,002B6447,0,1,1,4294967295,0,0
colizao,992,1696,002AB067,0,1,1,4294967295,0,0
colizao,1024,1696,003F3368,0,1,1,4294967295,0,0
colizao,1024,1664,003DBC52,0,1,1,4294967295,0,0
colizao,1056,1664,00249E9B,0,1,1,4294967295,0,0
colizao,1088,1664,0023B8D4,0,1,1,4294967295,0,0
colizao,1088,1632,0003539B,0,1,1,4294967295,0,0
colizao,1120,1632,003CF43C,0,1,1,4294967295,0,0
colizao,1152,1632,002CE561,0,1,1,4294967295,0,0
colizao,1184,1632,003E220F,0,1,1,4294967295,0,0
colizao,1184,1600,000275BE,0,1,1,4294967295,0,0
colizao,1216,1600,00019ABF,0,1,1,4294967295,0,0
colizao,1248,1600,000E1C65,0,1,1,4294967295,0,0
colizao,1280,1600,00162984,0,1,1,4294967295,0,0
colizao,1280,1568,000E0146,0,1,1,4294967295,0,0
colizao,1312,1568,001F89D3,0,1,1,4294967295,0,0
colizao,1344,1568,000067B5,0,1,1,4294967295,0,0
colizao,1344,1536,002B2474,0,1,1,4294967295,0,0
colizao,1376,1536,001442B0,0,1,1,4294967295,0,0
colizao,1408,1536,0034A133,0,1,1,4294967295,0,0
colizao,1408,1504,001B7F89,0,1,1,4294967295,0,0
colizao,1440,1504,00234F93,0,1,1,4294967295,0,0
colizao,1472,1504,00394235,0,1,1,4294967295,0,0
colizao,1504,1504,0011B87C,0,1,1,4294967295,0,0
colizao,1536,1504,0038D1EF,0,1,1,4294967295,0,0
colizao,1536,1472,00047ABB,0,1,1,4294967295,0,0
colizao,1568,1472,00268A45,0,1,1,4294967295,0,0
colizao,1600,1472,0039E425,0,1,1,4294967295,0,0
colizao,1632,1472,00092DFA,0,1,1,4294967295,0,0
colizao,1664,1472,002BDED2,0,1,1,4294967295,0,0
colizao,1696,1472,001FB6F1,0,1,1,4294967295,0,0
colizao,1696,1440,002D54FD,0,1,1,4294967295,0,0
colizao,1728,1440,0031E4BA,0,1,1,4294967295,0,0
colizao,1760,1440,0024409A,0,1,1,4294967295,0,0
colizao,1792,1440,0032B941,0,1,1,4294967295,0,0
colizao,1824,1440,000D032D,0,1,1,4294967295,0,0
colizao,1824,1408,000F7CE3,0,1,1,4294967295,0,0
colizao,1856,1408,000D80AE,0,1,1,4294967295,0,0
colizao,1888,1408,0031CB74,0,1,1,4294967295,0,0
colizao,1888,1376,00281574,0,1,1,4294967295,0,0
colizao,1920,1376,0019E084,0,1,1,4294967295,0,0
colizao,1952,1376,000F8D36,0,1,1,4294967295,0,0
colizao,1984,1376,0031C8E6,0,1,1,4294967295,0,0
colizao,2016,1376,001BDE4C,0,1,1,4294967295,0,0
colizao,2016,1344,00233B22,0,1,1,4294967295,0,0
colizao,2048,1344,002A4B42,0,1,1,4294967295,0,0
colizao,2080,1344,001647D4,0,1,1,4294967295,0,0
colizao,2112,1344,000031DE,0,1,1,4294967295,0,0
colizao,2112,1312,000BE563,0,1,1,4294967295,0,0
colizao,2144,1312,00010B34,0,1,1,4294967295,0,0
colizao,2176,1312,000888FA,0,1,1,4294967295,0,0
colizao,2208,1312,002330F4,0,1,1,4294967295,0,0
colizao,2240,1312,000B2934,0,1,1,4294967295,0,0
colizao,2240,1280,0012233F,0,1,1,4294967295,0,0
colizao,2272,1280,00022FCA,0,1,1,4294967295,0,0
colizao,2304,1280,002C79B3,0,1,1,4294967295,0,0
colizao,2304,1248,003F882E,0,1,1,4294967295,0,0
colizao,2336,1248,0014EC3E,0,1,1,4294967295,0,0
colizao,2368,1248,0028B368,0,1,1,4294967295,0,0
colizao,2368,1216,00116F0C,0,1,1,4294967295,0,0
colizao,2400,1216,000A16F7,0,1,1,4294967295,0,0
colizao,2432,1216,00135AB7,0,1,1,4294967295,0,0
colizao,2464,1216,0002573C,0,1,1,4294967295,0,0
colizao,2464,1184,000E7833,0,1,1,4294967295,0,0
colizao,2496,1184,000B177C,0,1,1,4294967295,0,0
colizao,2528,1184,00199437,0,1,1,4294967295,0,0
colizao,2560,1184,0023B4F9,0,1,1,4294967295,0,0
colizao,2560,1152,002CCF5A,0,1,1,4294967295,0,0
colizao,2592,1152,001B699E,0,1,1,4294967295,0,0
colizao,2624,1152,002C63A5,0,1,1,4294967295,0,0
colizao,2656,1120,003A081D,0,1,1,4294967295,0,0
colizao,2688,1120,002CD07D,0,1,1,4294967295,0,0
colizao,2720,1088,003D9B09,0,1,1,4294967295,0,0
colizao,2720,1056,0004FC2B,0,1,1,4294967295,0,0
colizao,2752,1024,0034C4CF,0,1,1,4294967295,0,0
colizao,2784,1024,003C3BAB,0,1,1,4294967295,0,0
colizao,2784,992,00048F30,0,1,1,4294967295,0,0
colizao,2816,992,0022C991,0,1,1,4294967295,0,0
colizao,2816,960,00147C1A,0,1,1,4294967295,0,0
colizao,2816,928,002CDB71,0,1,1,4294967295,0,0
colizao,2784,928,0006C058,0,1,1,4294967295,0,0
colizao,2784,896,000DAE22,0,1,1,4294967295,0,0
colizao,2752,896,003C2196,0,1,1,4294967295,0,0
colizao,2752,864,0035F398,0,1,1,4294967295,0,0
colizao,2720,864,003B5F71,0,1,1,4294967295,0,0
colizao,2688,864,003EE2DE,0,1,1,4294967295,0,0
colizao,2656,864,002D5D65,0,1,1,4294967295,0,0
colizao,2624,864,0013EDF7,0,1,1,4294967295,0,0
colizao,2624,832,0039DDF3,0,1,1,4294967295,0,0
colizao,2592,864,0027124B,0,1,1,4294967295,0,0
colizao,2560,864,002FEF68,0,1,1,4294967295,0,0
colizao,2528,864,00315CB0,0,1,1,4294967295,0,0
colizao,2496,864,001D7EA8,0,1,1,4294967295,0,0
colizao,2464,864,00296CF5,0,1,1,4294967295,0,0
colizao,2432,864,0028BF12,0,1,1,4294967295,0,0
colizao,2432,832,000AF5AE,0,1,1,4294967295,0,0
colizao,2400,832,001DC52C,0,1,1,4294967295,0,0
colizao,2368,832,002273C5,0,1,1,4294967295,0,0
colizao,2336,832,000078D9,0,1,1,4294967295,0,0
colizao,2304,832,001C8F74,0,1,1,4294967295,0,0
colizao,2304,800,00000A19,0,1,1,4294967295,0,0
colizao,2272,800,002FD5E7,0,1,1,4294967295,0,0
colizao,2240,800,0002F39E,0,1,1,4294967295,0,0
colizao,2208,800,00261A07,0,1,1,4294967295,0,0
colizao,2208,768,00171B19,0,1,1,4294967295,0,0
colizao,2176,768,0034757E,0,1,1,4294967295,0,0
colizao,2144,768,003139A3,0,1,1,4294967295,0,0
colizao,2144,736,0036BFD8,0,1,1,4294967295,0,0
colizao,2112,736,000FB6F7,0,1,1,4294967295,0,0
colizao,2080,736,0029E18C,0,1,1,4294967295,0,0
colizao,2048,704,0012EF9B,0,1,1,4294967295,0,0
colizao,2016,704,003061E7,0,1,1,4294967295,0,0
colizao,2016,672,00220547,0,1,1,4294967295,0,0
colizao,1984,672,001D0134,0,1,1,4294967295,0,0
colizao,1984,640,002356B5,0,1,1,4294967295,0,0
colizao,1952,640,000CFC24,0,1,1,4294967295,0,0
colizao,1952,608,0005DED2,0,1,1,4294967295,0,0
colizao,1920,608,00052514,0,1,1,4294967295,0,0
colizao,1920,576,003FC7D7,0,1,1,4294967295,0,0
colizao,1888,576,003C34CB,0,1,1,4294967295,0,0
colizao,1888,544,0021E29E,0,1,1,4294967295,0,0
colizao,1856,544,003554A5,0,1,1,4294967295,0,0
colizao,1856,512,00183C1D,0,1,1,4294967295,0,0
colizao,1824,512,003E04DB,0,1,1,4294967295,0,0
colizao,1792,512,003308CE,0,1,1,4294967295,0,0
colizao,1760,512,00346333,0,1,1,4294967295,0,0
colizao,1760,480,002B40D3,0,1,1,4294967295,0,0
colizao,1728,480,0036C1B0,0,1,1,4294967295,0,0
colizao,1696,480,0004D309,0,1,1,4294967295,0,0
colizao,1664,480,001F6A2F,0,1,1,4294967295,0,0
colizao,1632,480,0024D142,0,1,1,4294967295,0,0
colizao,1632,448,003DAE22,0,1,1,4294967295,0,0
colizao,1600,448,001ABC74,0,1,1,4294967295,0,0
colizao,1568,448,00008B76,0,1,1,4294967295,0,0
colizao,1568,416,001127D7,0,1,1,4294967295,0,0
colizao,1536,416,0040417D,0,1,1,4294967295,0,0
colizao,1504,416,003B9D25,0,1,1,4294967295,0,0
colizao,1472,416,001C569D,0,1,1,4294967295,0,0
colizao,1472,384,0019BE70,0,1,1,4294967295,0,0
colizao,1440,384,0020C09F,0,1,1,4294967295,0,0
colizao,1440,352,0026C71B,0,1,1,4294967295,0,0
colizao,1408,352,00025CF0,0,1,1,4294967295,0,0
colizao,1408,320,0018F07C,0,1,1,4294967295,0,0
colizao,1376,320,00071F2E,0,1,1,4294967295,0,0
colizao,1344,320,00032531,0,1,1,4294967295,0,0
colizao,1312,320,00040273,0,1,1,4294967295,0,0
colizao,1312,288,00207C00,0,1,1,4294967295,0,0
colizao,1280,288,002A59A4,0,1,1,4294967295,0,0
colizao,1248,288,002AF3CC,0,1,1,4294967295,0,0
colizao,1248,256,003B26CF,0,1,1,4294967295,0,0
colizao,1216,256,001BD41B,0,1,1,4294967295,0,0
colizao,1184,256,002961F9,0,1,1,4294967295,0,0
colizao,1184,224,0006BD16,0,1,1,4294967295,0,0
colizao,1152,224,0023014D,0,1,1,4294967295,0,0
colizao,1120,224,000AED9C,0,1,1,4294967295,0,0
colizao,1088,224,001D0822,0,1,1,4294967295,0,0
colizao,1088,192,003F5EC5,0,1,1,4294967295,0,0
colizao,1056,192,0013A719,0,1,1,4294967295,0,0
colizao,1024,192,001FBAE2,0,1,1,4294967295,0,0
colizao,992,160,0016304B,0,1,1,4294967295,0,0
colizao,960,160,0010F110,0,1,1,4294967295,0,0
colizao,960,128,003A5424,0,1,1,4294967295,0,0
colizao,928,128,00189E3A,0,1,1,4294967295,0,0
colizao,896,128,00119C3E,0,1,1,4294967295,0,0
colizao,896,96,002D3133,0,1,1,4294967295,0,0
colizao,864,96,0000BFE2,0,1,1,4294967295,0,0
colizao,864,64,00054067,0,1,1,4294967295,0,0
colizao,832,64,003819F3,0,1,1,4294967295,0,0
colizao,800,64,00140EB0,0,1,1,4294967295,0,0
colizao,800,32,002501F2,0,1,1,4294967295,0,0
colizao,768,32,002E4080,0,1,1,4294967295,0,0
colizao,736,32,001094E9,0,1,1,4294967295,0,0
colizao,704,32,0030D9D6,0,1,1,4294967295,0,0
colizao,704,0,0008B0D9,0,1,1,4294967295,0,0
colizao,672,0,002AC987,0,1,1,4294967295,0,0
colizao,640,0,001EEBC8,0,1,1,4294967295,0,0
colizao,608,0,00055BD6,0,1,1,4294967295,0,0
colizao,288,32,0021495C,0,1,1,4294967295,0,0
colizao,256,32,00024076,0,1,1,4294967295,0,0
colizao,224,32,0030215A,0,1,1,4294967295,0,0
colizao,192,32,000E6628,0,1,1,4294967295,0,0
colizao,128,32,002E6F03,0,1,1,4294967295,0,0
colizao,96,32,00014F58,0,1,1,4294967295,0,0
colizao,64,32,00317369,0,1,1,4294967295,0,0
colizao,32,32,000CABC6,0,1,1,4294967295,0,0
colizao,0,32,003CDBDE,0,1,1,4294967295,0,0
colizao,32,32,003E668E,0,1,1,4294967295,0,0
colizao,64,32,0035979B,0,1,1,4294967295,0,0
colizao,96,32,003C2F81,0,1,1,4294967295,0,0
colizao,128,32,00000601,0,1,1,4294967295,0,0
colizao,160,32,00190847,0,1,1,4294967295,0,0
Player_Horse,1088,352,001FA387,0,1,1,4294967295,0,0
Ghost_Nimbus_Boss,416,0,0007338A,0,1,1,4294967295,0,0
Speed_Radar_Silesia,2016,2816,00258908,0,1,1,4294967295,0,0
Speed_Radar_Silesia,704,2112,00118193,0,1,1,4294967295,0,0
Speed_Radar_Silesia,1216,1504,003C0E5A,0,1,1,4294967295,0,0
Speed_Radar_Silesia,1216,384,001E424A,0,1,1,4294967295,0,0
Speed_Radar_Silesia,1952,768,000B1780,0,1,1,4294967295,0,0
Chegada_RVL,2208,2880,001D88C6,0,1,1,4294967295,0,0
Chegada_RVL,2208,2912,001BD13B,0,1,1,4294967295,0,0
Chegada_RVL,2208,2944,001F9385,0,1,1,4294967295,0,0
Chegada_RVL,2208,3008,001F30C3,0,1,1,4294967295,0,0
Chegada_RVL,2240,3040,003B2C4D,0,1,1,4294967295,0,0
Chegada_RVL,2240,3008,001D94C0,0,1,1,4294967295,0,0
Chegada_RVL,2208,2976,001A0EFD,0,1,1,4294967295,0,0
Chegada_RVL,2240,2976,0031DF04,0,1,1,4294967295,0,0
Chegada_RVL,2240,2944,00097A78,0,1,1,4294967295,0,0
Chegada_RVL,2240,2912,0015B859,0,1,1,4294967295,0,0
Chegada_RVL,2240,2880,003890F3,0,1,1,4294967295,0,0
Chegada_RVL,2272,2880,001BA073,0,1,1,4294967295,0,0
Chegada_RVL,2304,2880,0004CD30,0,1,1,4294967295,0,0
Chegada_RVL,2336,2880,0021D530,0,1,1,4294967295,0,0
Chegada_RVL,2368,2880,003A45DE,0,1,1,4294967295,0,0
Chegada_RVL,2400,2880,00269B90,0,1,1,4294967295,0,0
Chegada_RVL,2432,2880,000CDF81,0,1,1,4294967295,0,0
Chegada_RVL,2464,2880,003AEAAC,0,1,1,4294967295,0,0
Chegada_RVL,2496,2880,002CBCF0,0,1,1,4294967295,0,0
Chegada_RVL,2496,2912,0037FED1,0,1,1,4294967295,0,0
Chegada_RVL,2496,2944,00354119,0,1,1,4294967295,0,0
Chegada_RVL,2496,2976,002F0E6A,0,1,1,4294967295,0,0
Chegada_RVL,2496,3008,00282F8F,0,1,1,4294967295,0,0
Chegada_RVL,2496,3040,000B2195,0,1,1,4294967295,0,0
Chegada_RVL,2496,3072,002700AD,0,1,1,4294967295,0,0
Chegada_RVL,2496,3104,0039DD3B,0,1,1,4294967295,0,0
Chegada_RVL,2464,3104,002231D0,0,1,1,4294967295,0,0
Chegada_RVL,2432,3104,001CF9B5,0,1,1,4294967295,0,0
Chegada_RVL,2400,3104,003207D5,0,1,1,4294967295,0,0
Chegada_RVL,2368,3104,00002FE0,0,1,1,4294967295,0,0
Chegada_RVL,2336,3104,003A3ACD,0,1,1,4294967295,0,0
Chegada_RVL,2336,3072,0033767F,0,1,1,4294967295,0,0
Chegada_RVL,2304,3072,0034DD89,0,1,1,4294967295,0,0
Chegada_RVL,2304,3104,000AA82E,0,1,1,4294967295,0,0
Chegada_RVL,2272,3040,00318FE4,0,1,1,4294967295,0,0
Chegada_RVL,2304,3040,0004CA44,0,1,1,4294967295,0,0
Chegada_RVL,2336,3040,0019FCE4,0,1,1,4294967295,0,0
Chegada_RVL,2368,3040,001FD19A,0,1,1,4294967295,0,0
Chegada_RVL,2368,3072,0013D3B1,0,1,1,4294967295,0,0
Chegada_RVL,2400,3072,000B75D0,0,1,1,4294967295,0,0
Chegada_RVL,2432,3072,0033D6C1,0,1,1,4294967295,0,0
Chegada_RVL,2464,3072,003B3BC7,0,1,1,4294967295,0,0
Chegada_RVL,2496,3072,00211093,0,1,1,4294967295,0,0
Chegada_RVL,2464,3040,00236BAF,0,1,1,4294967295,0,0
Chegada_RVL,2432,3040,0010EE4C,0,1,1,4294967295,0,0
Chegada_RVL,2400,3040,00241C06,0,1,1,4294967295,0,0
Chegada_RVL,2400,3008,001C65E9,0,1,1,4294967295,0,0
Chegada_RVL,2432,3008,0023FACD,0,1,1,4294967295,0,0
Chegada_RVL,2464,3008,00380356,0,1,1,4294967295,0,0
Chegada_RVL,2464,2976,003D5C5E,0,1,1,4294967295,0,0
Chegada_RVL,2464,2944,0034CEAA,0,1,1,4294967295,0,0
Chegada_RVL,2464,2912,0032FA3C,0,1,1,4294967295,0,0
Chegada_RVL,2432,2912,003FFD05,0,1,1,4294967295,0,0
Chegada_RVL,2400,2912,00325832,0,1,1,4294967295,0,0
Chegada_RVL,2368,2912,0007191A,0,1,1,4294967295,0,0
Chegada_RVL,2336,2912,001F6FCE,0,1,1,4294967295,0,0
Chegada_RVL,2304,2912,001630B2,0,1,1,4294967295,0,0
Chegada_RVL,2272,2912,003C8E76,0,1,1,4294967295,0,0
Chegada_RVL,2272,2944,0010E787,0,1,1,4294967295,0,0
Chegada_RVL,2272,2976,00255968,0,1,1,4294967295,0,0
Chegada_RVL,2272,3008,000918DE,0,1,1,4294967295,0,0
Chegada_RVL,2304,3008,0003B79D,0,1,1,4294967295,0,0
Chegada_RVL,2336,3008,0031B835,0,1,1,4294967295,0,0
Chegada_RVL,2368,3008,000629D7,0,1,1,4294967295,0,0
Chegada_RVL,2336,3008,0002F411,0,1,1,4294967295,0,0
Chegada_RVL,2336,2976,0034F2B2,0,1,1,4294967295,0,0
Chegada_RVL,2304,2976,00327F93,0,1,1,4294967295,0,0
Chegada_RVL,2304,2944,00392B44,0,1,1,4294967295,0,0
Chegada_RVL,2336,2944,0031CB3D,0,1,1,4294967295,0,0
Chegada_RVL,2368,2944,0030A5BD,0,1,1,4294967295,0,0
Chegada_RVL,2400,2944,001452FA,0,1,1,4294967295,0,0
Chegada_RVL,2432,2944,003D3E5C,0,1,1,4294967295,0,0
Chegada_RVL,2432,2976,00248FB7,0,1,1,4294967295,0,0
Chegada_RVL,2400,2976,000F451A,0,1,1,4294967295,0,0
Chegada_RVL,2368,2976,0039392E,0,1,1,4294967295,0,0
Chegada_RVL,2496,3104,0031D16C,0,1,1,4294967295,0,0
Chegada_RVL,2464,3104,003CA253,0,1,1,4294967295,0,0
Chegada_RVL,2432,3104,003C7A03,0,1,1,4294967295,0,0
Chegada_RVL,2400,3104,000899C4,0,1,1,4294967295,0,0
Chegada_RVL,2368,3104,001FD33A,0,1,1,4294967295,0,0
Chegada_RVL,2336,3104,0018CAB0,0,1,1,4294967295,0,0
Chegada_RVL,2336,3072,00012877,0,1,1,4294967295,0,0
Chegada_RVL,2336,3040,0007D692,0,1,1,4294967295,0,0
Chegada_RVL,2336,2976,00354472,0,1,1,4294967295,0,0
Chegada_RVL,2368,2976,003B9946,0,1,1,4294967295,0,0
Chegada_RVL,2400,2976,00291A04,0,1,1,4294967295,0,0
Chegada_RVL,2432,2976,0021F391,0,1,1,4294967295,0,0
Chegada_RVL,2464,2976,00003AF9,0,1,1,4294967295,0,0
Chegada_RVL,2496,2976,0030B0F9,0,1,1,4294967295,0,0
Chegada_RVL,2496,3008,00309F24,0,1,1,4294967295,0,0
Chegada_RVL,2496,3040,00381B13,0,1,1,4294967295,0,0
Chegada_RVL,2464,3072,000C1DC5,0,1,1,4294967295,0,0
Chegada_RVL,2432,3072,0013A606,0,1,1,4294967295,0,0
Chegada_RVL,2400,3072,000C629A,0,1,1,4294967295,0,0
Chegada_RVL,2368,3072,001AC91C,0,1,1,4294967295,0,0
Chegada_RVL,2368,3040,00099569,0,1,1,4294967295,0,0
Chegada_RVL,2400,3040,001D794B,0,1,1,4294967295,0,0
Chegada_RVL,2432,3040,001B40A9,0,1,1,4294967295,0,0
Chegada_RVL,2464,3040,001FF5DF,0,1,1,4294967295,0,0
Chegada_RVL,2464,3008,00077810,0,1,1,4294967295,0,0
Chegada_RVL,2432,3008,0035E7D3,0,1,1,4294967295,0,0
Chegada_RVL,2400,3008,002A24DF,0,1,1,4294967295,0,0
Chegada_RVL,2368,3008,0016BD7A,0,1,1,4294967295,0,0
Chegada_RVL,2528,2880,00066FA6,0,1,1,4294967295,0,0
Chegada_RVL,2560,2880,00142A61,0,1,1,4294967295,0,0
Chegada_RVL,2592,2880,0003B151,0,1,1,4294967295,0,0
Chegada_RVL,2592,2912,002F85DA,0,1,1,4294967295,0,0
Chegada_RVL,2592,2944,0008BA6B,0,1,1,4294967295,0,0
Chegada_RVL,2592,2976,000A4323,0,1,1,4294967295,0,0
Chegada_RVL,2592,3008,001108E4,0,1,1,4294967295,0,0
Chegada_RVL,2592,3040,003796AF,0,1,1,4294967295,0,0
Chegada_RVL,2592,3072,000C6380,0,1,1,4294967295,0,0
Chegada_RVL,2560,3104,00233CF7,0,1,1,4294967295,0,0
Chegada_RVL,2528,3104,00209908,0,1,1,4294967295,0,0
Chegada_RVL,2528,3072,001E7129,0,1,1,4294967295,0,0
Chegada_RVL,2560,3072,002F3A01,0,1,1,4294967295,0,0
Chegada_RVL,2560,3040,00122364,0,1,1,4294967295,0,0
Chegada_RVL,2528,3040,003E41C1,0,1,1,4294967295,0,0
Chegada_RVL,2528,3008,0005F4F2,0,1,1,4294967295,0,0
Chegada_RVL,2560,3008,000A78C1,0,1,1,4294967295,0,0
Chegada_RVL,2560,2976,003D0768,0,1,1,4294967295,0,0
Chegada_RVL,2560,2944,000FE667,0,1,1,4294967295,0,0
Chegada_RVL,2560,2912,0030AF74,0,1,1,4294967295,0,0
Chegada_RVL,2528,2912,002855E2,0,1,1,4294967295,0,0
Chegada_RVL,2528,2944,003AFBFC,0,1,1,4294967295,0,0
Chegada_RVL,2528,2976,000112D3,0,1,1,4294967295,0,0
Chegada_RVL,2528,2976,0030A58B,0,1,1,4294967295,0,0
Chegada_RVL,2560,2976,003C85DD,0,1,1,4294967295,0,0
Chegada_RVL,2592,2976,00361BDE,0,1,1,4294967295,0,0
Chegada_RVL,2592,3008,00100C0C,0,1,1,4294967295,0,0
Chegada_RVL,2592,3040,000C9D99,0,1,1,4294967295,0,0
Chegada_RVL,2592,3072,00256952,0,1,1,4294967295,0,0
Chegada_RVL,2560,3072,0026F961,0,1,1,4294967295,0,0
Chegada_RVL,2560,3104,0027AB84,0,1,1,4294967295,0,0
Chegada_RVL,2528,3104,001B496F,0,1,1,4294967295,0,0
Chegada_RVL,2528,3072,0000C321,0,1,1,4294967295,0,0
Chegada_RVL,2528,3040,0038286C,0,1,1,4294967295,0,0
Chegada_RVL,2528,3008,003B04E8,0,1,1,4294967295,0,0
Chegada_RVL,2560,3040,0027F4BB,0,1,1,4294967295,0,0
Chegada_RVL,2560,3008,0033F093,0,1,1,4294967295,0,0
Chegada_RVL,2336,2944,002A7BC4,0,1,1,4294967295,0,0
Chegada_RVL,2336,2912,0029DE6E,0,1,1,4294967295,0,0
Chegada_RVL,2368,2912,00061C9A,0,1,1,4294967295,0,0
Chegada_RVL,2400,2912,00152A21,0,1,1,4294967295,0,0
Chegada_RVL,2432,2912,0027AAFC,0,1,1,4294967295,0,0
Chegada_RVL,2464,2912,0005A4BD,0,1,1,4294967295,0,0
Chegada_RVL,2496,2912,000533BA,0,1,1,4294967295,0,0
Chegada_RVL,2528,2912,003A6566,0,1,1,4294967295,0,0
Chegada_RVL,2560,2912,003B46D3,0,1,1,4294967295,0,0
Chegada_RVL,2592,2912,001D2F07,0,1,1,4294967295,0,0
Chegada_RVL,2592,2944,00062FE0,0,1,1,4294967295,0,0
Chegada_RVL,2560,2944,0033AB73,0,1,1,4294967295,0,0
Chegada_RVL,2528,2944,003EFE3A,0,1,1,4294967295,0,0
Chegada_RVL,2496,2944,00057244,0,1,1,4294967295,0,0
Chegada_RVL,2464,2944,00090AB9,0,1,1,4294967295,0,0
Chegada_RVL,2432,2944,001943DC,0,1,1,4294967295,0,0
Chegada_RVL,2400,2944,00150A77,0,1,1,4294967295,0,0
Chegada_RVL,2368,2944,002A16EB,0,1,1,4294967295,0,0
