colizao,192,128,003A40B1,0,1,1,4294967295,0,0
colizao,224,96,0018AD8D,0,1,1,4294967295,0,0
colizao,256,96,001C64DD,0,1,1,4294967295,0,0
colizao,288,96,00001F78,0,1,1,4294967295,0,0
colizao,288,128,0001DB94,0,1,1,4294967295,0,0
Hatsune_Miku_OBJ,352,224,0039961F,0,1,1,4294967295,0,0
player,256,256,0009A234,0,1,1,4294967295,0,0
colizao,576,128,00240D78,0,1,1,4294967295,0,0
colizao,544,128,0013117C,0,1,1,4294967295,0,0
colizao,512,128,0020B128,0,1,1,4294967295,0,0
colizao,480,128,000850E5,0,1,1,4294967295,0,0
colizao,448,128,003153EF,0,1,1,4294967295,0,0
colizao,416,128,00218A34,0,1,1,4294967295,0,0
colizao,384,128,00359EE4,0,1,1,4294967295,0,0
colizao,352,128,003CA4A5,0,1,1,4294967295,0,0
colizao,320,128,002D0D3E,0,1,1,4294967295,0,0
colizao,160,128,000AD2D1,0,1,1,4294967295,0,0
colizao,128,128,0011EA8B,0,1,1,4294967295,0,0
colizao,96,128,00337C77,0,1,1,4294967295,0,0
colizao,64,128,00031BFC,0,1,1,4294967295,0,0
colizao,32,128,0028B888,0,1,1,4294967295,0,0
colizao,0,128,0018CC0F,0,1,1,4294967295,0,0
Hatsune estatua,96,96,003DCD1A,0,1,1,4294967295,0,0
TP_NEON_CASTELIA_CITY,0,160,00245E59,0,1,1,4294967295,0,0
TP_NEON_CASTELIA_CITY,0,192,002F9499,0,1,1,4294967295,0,0
TP_NEON_CASTELIA_CITY,0,224,000F61E0,0,1,1,4294967295,0,0
TP_NEON_CASTELIA_CITY,0,256,001C1C4A,0,1,1,4294967295,0,0
TP_FERGUS,576,160,0001CF7A,0,1,1,4294967295,0,0
TP_FERGUS,576,192,002B85B8,0,1,1,4294967295,0,0
TP_FERGUS,576,224,0006507A,0,1,1,4294967295,0,0
TP_FERGUS,576,256,0036E423,0,1,1,4294967295,0,0
TP_MIKUBYL,224,128,003E1CBE,0,1,1,4294967295,0,0
TP_MIKUBYL,256,128,0037CE09,0,1,1,4294967295,0,0
Nami_Burglar,160,192,002BFA51,0,1,1,4294967295,0,0
